date,country,state,accumulated_num_cases,accumulated_num_deaths,new_num_cases,new_num_deaths
2020-02-25,Brazil,AL,0,0,0,0
2020-02-26,Brazil,AL,0,0,0,0
2020-02-27,Brazil,AL,0,0,0,0
2020-02-28,Brazil,AL,0,0,0,0
2020-02-29,Brazil,AL,0,0,0,0
2020-03-01,Brazil,AL,0,0,0,0
2020-03-02,Brazil,AL,0,0,0,0
2020-03-03,Brazil,AL,0,0,0,0
2020-03-04,Brazil,AL,0,0,0,0
2020-03-05,Brazil,AL,0,0,0,0
2020-03-06,Brazil,AL,0,0,0,0
2020-03-07,Brazil,AL,0,0,0,0
2020-03-08,Brazil,AL,1,0,1,0
2020-03-09,Brazil,AL,1,0,0,0
2020-03-10,Brazil,AL,1,0,0,0
2020-03-11,Brazil,AL,1,0,0,0
2020-03-12,Brazil,AL,1,0,0,0
2020-03-13,Brazil,AL,1,0,0,0
2020-03-14,Brazil,AL,1,0,0,0
2020-03-15,Brazil,AL,1,0,0,0
2020-03-16,Brazil,AL,1,0,0,0
2020-03-17,Brazil,AL,1,0,0,0
2020-03-18,Brazil,AL,1,0,0,0
2020-03-19,Brazil,AL,4,0,3,0
2020-03-20,Brazil,AL,6,0,2,0
2020-03-21,Brazil,AL,7,0,1,0
2020-03-22,Brazil,AL,7,0,0,0
2020-03-23,Brazil,AL,8,0,1,0
2020-03-24,Brazil,AL,10,0,2,0
2020-03-25,Brazil,AL,11,0,1,0
2020-03-26,Brazil,AL,11,0,0,0
2020-03-27,Brazil,AL,12,0,1,0
2020-03-28,Brazil,AL,14,0,2,0
2020-03-29,Brazil,AL,17,0,3,0
2020-03-30,Brazil,AL,17,0,0,0
2020-03-31,Brazil,AL,18,1,1,1
2020-04-01,Brazil,AL,18,1,0,0
2020-04-02,Brazil,AL,18,1,0,0
2020-04-03,Brazil,AL,23,2,5,1
2020-04-04,Brazil,AL,23,2,0,0
2020-04-05,Brazil,AL,28,2,5,0
2020-04-06,Brazil,AL,31,2,3,0
2020-04-07,Brazil,AL,34,2,3,0
2020-04-08,Brazil,AL,37,3,3,1
2020-04-09,Brazil,AL,37,3,0,0
2020-04-10,Brazil,AL,45,3,8,0
2020-04-11,Brazil,AL,48,3,3,0
2020-04-12,Brazil,AL,48,3,0,0
2020-04-13,Brazil,AL,58,4,10,1
2020-04-14,Brazil,AL,72,4,14,0
2020-04-15,Brazil,AL,83,5,11,1
2020-04-16,Brazil,AL,89,5,6,0
2020-04-17,Brazil,AL,110,7,21,2
2020-04-18,Brazil,AL,132,10,22,3
2020-04-19,Brazil,AL,159,15,27,5
2020-04-20,Brazil,AL,171,18,12,3
2020-04-21,Brazil,AL,210,19,39,1
2020-04-22,Brazil,AL,243,20,33,1
2020-04-23,Brazil,AL,324,22,81,2
2020-04-24,Brazil,AL,413,27,89,5
2020-04-25,Brazil,AL,501,29,88,2
2020-04-26,Brazil,AL,560,32,59,3
2020-04-27,Brazil,AL,643,34,83,2
2020-04-28,Brazil,AL,777,36,134,2
2020-04-29,Brazil,AL,957,41,180,5
2020-04-30,Brazil,AL,1045,47,88,6
2020-05-01,Brazil,AL,1226,53,181,6
2020-05-02,Brazil,AL,1371,58,145,5
2020-05-03,Brazil,AL,1441,64,70,6
2020-05-04,Brazil,AL,1538,72,97,8
2020-05-05,Brazil,AL,1605,80,67,8
2020-05-06,Brazil,AL,1703,89,98,9
2020-05-07,Brazil,AL,1867,98,164,9
2020-05-08,Brazil,AL,2033,108,166,10
2020-05-09,Brazil,AL,2170,114,137,6
2020-05-10,Brazil,AL,2258,126,88,12
2020-05-11,Brazil,AL,2343,138,85,12
2020-05-12,Brazil,AL,2580,150,237,12
2020-05-13,Brazil,AL,2761,164,181,14
2020-05-14,Brazil,AL,2972,177,211,13
2020-05-15,Brazil,AL,3212,187,240,10
2020-05-16,Brazil,AL,3593,199,381,12
2020-05-17,Brazil,AL,3816,210,223,11
2020-05-18,Brazil,AL,4031,221,215,11
2020-05-19,Brazil,AL,4319,234,288,13
2020-05-20,Brazil,AL,4437,251,118,17
2020-05-21,Brazil,AL,4916,262,479,11
2020-05-22,Brazil,AL,5302,280,386,18
2020-05-23,Brazil,AL,5630,301,328,21
2020-05-24,Brazil,AL,6214,316,584,15
2020-05-25,Brazil,AL,6682,337,468,21
2020-05-26,Brazil,AL,7058,352,376,15
2020-05-27,Brazil,AL,7580,368,522,16
2020-05-28,Brazil,AL,8056,385,476,17
2020-05-29,Brazil,AL,8619,406,563,21
2020-05-30,Brazil,AL,9223,424,604,18
2020-05-31,Brazil,AL,10288,443,1065,19
2020-06-01,Brazil,AL,10837,461,549,18
2020-06-02,Brazil,AL,11559,482,722,21
2020-06-03,Brazil,AL,12407,506,848,24
2020-06-04,Brazil,AL,13096,531,689,25
2020-06-05,Brazil,AL,13939,557,843,26
2020-06-06,Brazil,AL,14818,582,879,25
2020-06-07,Brazil,AL,15706,601,888,19
2020-06-08,Brazil,AL,16339,622,633,21
2020-06-09,Brazil,AL,17193,640,854,18
2020-06-10,Brazil,AL,18176,660,983,20
2020-06-11,Brazil,AL,19200,681,1024,21
2020-06-12,Brazil,AL,20031,701,831,20
2020-06-13,Brazil,AL,20887,723,856,22
2020-06-14,Brazil,AL,22199,744,1312,21
2020-06-15,Brazil,AL,22926,768,727,24
2020-06-16,Brazil,AL,23632,793,706,25
2020-06-17,Brazil,AL,24867,811,1235,18
2020-06-18,Brazil,AL,25633,831,766,20
2020-06-19,Brazil,AL,26906,848,1273,17
2020-06-20,Brazil,AL,27698,866,792,18
2020-06-21,Brazil,AL,28657,884,959,18
2020-06-22,Brazil,AL,29395,903,738,19
2020-06-23,Brazil,AL,30246,920,851,17
2020-06-24,Brazil,AL,31230,938,984,18
2020-06-25,Brazil,AL,32065,958,835,20
2020-06-26,Brazil,AL,32864,975,799,17
2020-06-27,Brazil,AL,33521,993,657,18
2020-06-28,Brazil,AL,34312,1012,791,19
2020-06-29,Brazil,AL,35116,1032,804,20
2020-06-30,Brazil,AL,35962,1052,846,20
2020-07-01,Brazil,AL,36819,1072,857,20
2020-07-02,Brazil,AL,37328,1091,509,19
2020-07-03,Brazil,AL,38404,1113,1076,22
2020-07-04,Brazil,AL,39255,1134,851,21
2020-07-05,Brazil,AL,39935,1153,680,19
2020-07-06,Brazil,AL,40569,1172,634,19
2020-07-07,Brazil,AL,41524,1192,955,20
2020-07-08,Brazil,AL,42322,1213,798,21
2020-07-09,Brazil,AL,43191,1230,869,17
2020-07-10,Brazil,AL,43959,1246,768,16
2020-07-11,Brazil,AL,44633,1264,674,18
2020-07-12,Brazil,AL,45330,1281,697,17
2020-07-13,Brazil,AL,46296,1297,966,16
2020-07-14,Brazil,AL,47005,1314,709,17
2020-07-15,Brazil,AL,47864,1331,859,17
2020-07-16,Brazil,AL,48734,1348,870,17
2020-07-17,Brazil,AL,49253,1365,519,17
2020-07-18,Brazil,AL,49583,1381,330,16
2020-07-19,Brazil,AL,50079,1397,496,16
2020-07-20,Brazil,AL,50307,1413,228,16
2020-07-21,Brazil,AL,50951,1428,644,15
2020-07-22,Brazil,AL,51680,1443,729,15
2020-07-23,Brazil,AL,52529,1457,849,14
2020-07-24,Brazil,AL,53713,1471,1184,14
2020-07-25,Brazil,AL,54730,1486,1017,15
2020-07-26,Brazil,AL,55376,1500,646,14
2020-07-27,Brazil,AL,56204,1514,828,14
2020-07-28,Brazil,AL,57142,1527,938,13
2020-07-29,Brazil,AL,58124,1540,982,13
2020-07-30,Brazil,AL,58979,1554,855,14
2020-07-31,Brazil,AL,59725,1567,746,13
2020-08-01,Brazil,AL,60992,1581,1267,14
2020-08-02,Brazil,AL,62240,1594,1248,13
2020-08-03,Brazil,AL,62778,1607,538,13
2020-08-04,Brazil,AL,63351,1621,573,14
2020-08-05,Brazil,AL,64194,1633,843,12
2020-08-06,Brazil,AL,65093,1643,899,10
2020-08-07,Brazil,AL,65916,1654,823,11
2020-08-08,Brazil,AL,66748,1665,832,11
2020-08-09,Brazil,AL,67613,1677,865,12
2020-08-10,Brazil,AL,68237,1688,624,11
2020-08-11,Brazil,AL,68935,1700,698,12
2020-08-12,Brazil,AL,69751,1711,816,11
2020-08-13,Brazil,AL,70629,1721,878,10
2020-08-14,Brazil,AL,71232,1732,603,11
2020-08-15,Brazil,AL,72076,1742,844,10
2020-08-16,Brazil,AL,72734,1753,658,11
2020-08-17,Brazil,AL,72938,1763,204,10
2020-08-18,Brazil,AL,73701,1774,763,11
2020-08-19,Brazil,AL,74140,1784,439,10
2020-08-20,Brazil,AL,74622,1793,482,9
2020-08-21,Brazil,AL,74839,1802,217,9
2020-08-22,Brazil,AL,75470,1810,631,8
2020-08-23,Brazil,AL,75857,1818,387,8
2020-08-24,Brazil,AL,76495,1827,638,9
2020-08-25,Brazil,AL,76894,1836,399,9
2020-08-26,Brazil,AL,77317,1844,423,8
2020-08-27,Brazil,AL,77755,1853,438,9
2020-08-28,Brazil,AL,78174,1861,419,8
2020-08-29,Brazil,AL,78483,1870,309,9
2020-08-30,Brazil,AL,78637,1878,154,8
2020-08-31,Brazil,AL,78804,1887,167,9
2020-09-01,Brazil,AL,79258,1895,454,8
2020-09-02,Brazil,AL,79550,1902,292,7
2020-09-03,Brazil,AL,79797,1910,247,8
2020-09-04,Brazil,AL,80103,1917,306,7
2020-09-05,Brazil,AL,80462,1924,359,7
2020-09-06,Brazil,AL,80717,1930,255,6
2020-09-07,Brazil,AL,80786,1936,69,6
2020-09-08,Brazil,AL,80866,1943,80,7
2020-09-09,Brazil,AL,81042,1949,176,6
2020-09-10,Brazil,AL,81230,1957,188,8
2020-09-11,Brazil,AL,81440,1965,210,8
2020-09-12,Brazil,AL,82028,1972,588,7
2020-09-13,Brazil,AL,82230,1979,202,7
2020-09-14,Brazil,AL,82332,1985,102,6
2020-09-15,Brazil,AL,82595,1991,263,6
2020-09-16,Brazil,AL,82983,1996,388,5
2020-09-17,Brazil,AL,83035,2002,52,6
2020-09-18,Brazil,AL,83298,2008,263,6
2020-09-19,Brazil,AL,83950,2014,652,6
2020-09-20,Brazil,AL,84508,2019,558,5
2020-09-21,Brazil,AL,84720,2024,212,5
2020-09-22,Brazil,AL,85008,2029,288,5
2020-09-23,Brazil,AL,85559,2034,551,5
2020-09-24,Brazil,AL,85753,2040,194,6
2020-09-25,Brazil,AL,85937,2046,184,6
2020-09-26,Brazil,AL,86124,2052,187,6
2020-09-27,Brazil,AL,86294,2055,170,3
2020-09-28,Brazil,AL,86393,2062,99,7
2020-09-29,Brazil,AL,86549,2067,156,5
2020-09-30,Brazil,AL,86879,2072,330,5
2020-10-01,Brazil,AL,87504,2078,625,6
2020-10-02,Brazil,AL,87750,2085,246,7
2020-10-03,Brazil,AL,87928,2091,178,6
2020-10-04,Brazil,AL,88098,2097,170,6
2020-10-05,Brazil,AL,88135,2103,37,6
2020-10-06,Brazil,AL,88283,2109,148,6
2020-10-07,Brazil,AL,88426,2115,143,6
2020-10-08,Brazil,AL,88538,2121,112,6
2020-10-09,Brazil,AL,88653,2126,115,5
2020-10-10,Brazil,AL,88790,2132,137,6
2020-10-11,Brazil,AL,88826,2138,36,6
2020-10-12,Brazil,AL,88880,2144,54,6
2020-10-13,Brazil,AL,88954,2151,74,7
2020-10-14,Brazil,AL,89082,2157,128,6
2020-10-15,Brazil,AL,89192,2162,110,5
2020-10-16,Brazil,AL,89278,2167,86,5
2020-10-17,Brazil,AL,89365,2172,87,5
2020-10-18,Brazil,AL,89493,2177,128,5
2020-10-19,Brazil,AL,89528,2182,35,5
2020-10-20,Brazil,AL,89644,2187,116,5
2020-10-21,Brazil,AL,89746,2192,102,5
2020-10-22,Brazil,AL,89847,2196,101,4
2020-10-23,Brazil,AL,89994,2201,147,5
2020-10-24,Brazil,AL,90124,2206,130,5
2020-10-25,Brazil,AL,90177,2211,53,5
2020-10-26,Brazil,AL,90254,2216,77,5
2020-10-27,Brazil,AL,90384,2221,130,5
2020-10-28,Brazil,AL,90497,2226,113,5
2020-10-29,Brazil,AL,90564,2230,67,4
2020-10-30,Brazil,AL,90671,2234,107,4
2020-10-31,Brazil,AL,90789,2238,118,4
2020-11-01,Brazil,AL,90820,2242,31,4
2020-11-02,Brazil,AL,90918,2246,98,4
2020-11-03,Brazil,AL,91016,2250,98,4
2020-11-04,Brazil,AL,91142,2254,126,4
2020-11-05,Brazil,AL,91270,2258,128,4
2020-11-06,Brazil,AL,91407,2262,137,4
2020-11-07,Brazil,AL,91603,2266,196,4
2020-11-08,Brazil,AL,91718,2270,115,4
2020-11-09,Brazil,AL,91848,2274,130,4
2020-11-10,Brazil,AL,91939,2278,91,4
2020-11-11,Brazil,AL,92040,2282,101,4
2020-11-12,Brazil,AL,92166,2285,126,3
2020-11-13,Brazil,AL,92328,2288,162,3
2020-11-14,Brazil,AL,92480,2291,152,3
2020-11-15,Brazil,AL,92596,2295,116,4
2020-11-16,Brazil,AL,92642,2298,46,3
2020-11-17,Brazil,AL,92815,2301,173,3
2020-11-18,Brazil,AL,92951,2304,136,3
2020-11-19,Brazil,AL,93123,2308,172,4
2020-11-20,Brazil,AL,93245,2311,122,3
2020-11-21,Brazil,AL,93359,2314,114,3
2020-11-22,Brazil,AL,93440,2317,81,3
2020-11-23,Brazil,AL,93569,2321,129,4
2020-11-24,Brazil,AL,93708,2324,139,3
2020-11-25,Brazil,AL,93915,2326,207,2
2020-11-26,Brazil,AL,94060,2329,145,3
2020-11-27,Brazil,AL,94392,2331,332,2
2020-11-28,Brazil,AL,94613,2334,221,3
2020-11-29,Brazil,AL,94859,2336,246,2
2020-11-30,Brazil,AL,94984,2339,125,3
2020-12-01,Brazil,AL,95152,2341,168,2
2020-12-02,Brazil,AL,95388,2344,236,3
2020-12-03,Brazil,AL,95643,2346,255,2
2020-12-04,Brazil,AL,95898,2349,255,3
2020-12-05,Brazil,AL,96300,2351,402,2
2020-12-06,Brazil,AL,96632,2354,332,3
2020-12-07,Brazil,AL,96784,2357,152,3
2020-12-08,Brazil,AL,96973,2360,189,3
2020-12-09,Brazil,AL,97248,2363,275,3
2020-12-10,Brazil,AL,97562,2366,314,3
2020-12-11,Brazil,AL,97948,2369,386,3
2020-12-12,Brazil,AL,98177,2372,229,3
2020-12-13,Brazil,AL,98612,2376,435,4
2020-12-14,Brazil,AL,98928,2380,316,4
2020-12-15,Brazil,AL,99238,2384,310,4
2020-12-16,Brazil,AL,100011,2389,773,5
2020-12-17,Brazil,AL,100307,2394,296,5
2020-12-18,Brazil,AL,100619,2399,312,5
2020-12-19,Brazil,AL,100978,2404,359,5
2020-12-20,Brazil,AL,101285,2410,307,6
2020-12-21,Brazil,AL,101443,2417,158,7
2020-12-22,Brazil,AL,101745,2425,302,8
2020-12-23,Brazil,AL,102178,2433,433,8
2020-12-24,Brazil,AL,102569,2440,391,7
2020-12-25,Brazil,AL,102827,2447,258,7
2020-12-26,Brazil,AL,103125,2454,298,7
2020-12-27,Brazil,AL,103551,2461,426,7
2020-12-28,Brazil,AL,103748,2468,197,7
2020-12-29,Brazil,AL,104119,2475,371,7
2020-12-30,Brazil,AL,104499,2482,380,7
2020-12-31,Brazil,AL,104818,2489,319,7
2021-01-01,Brazil,AL,105091,2496,273,7
2021-01-02,Brazil,AL,105361,2502,270,6
2021-01-03,Brazil,AL,105714,2509,353,7
2021-01-04,Brazil,AL,106032,2515,318,6
2021-01-05,Brazil,AL,106410,2521,378,6
2021-01-06,Brazil,AL,106881,2529,471,8
2021-01-07,Brazil,AL,107279,2537,398,8
2021-01-08,Brazil,AL,107628,2545,349,8
2021-01-09,Brazil,AL,108109,2553,481,8
2021-01-10,Brazil,AL,108542,2561,433,8
2021-01-11,Brazil,AL,108820,2569,278,8
2021-01-12,Brazil,AL,109319,2577,499,8
2021-01-13,Brazil,AL,109720,2585,401,8
2021-01-14,Brazil,AL,110112,2593,392,8
2021-01-15,Brazil,AL,110572,2602,460,9
2021-01-16,Brazil,AL,110968,2611,396,9
2021-01-17,Brazil,AL,111443,2620,475,9
2021-01-18,Brazil,AL,111724,2629,281,9
2021-01-19,Brazil,AL,112097,2638,373,9
2021-01-20,Brazil,AL,112476,2647,379,9
2021-01-21,Brazil,AL,112854,2656,378,9
2021-01-22,Brazil,AL,113205,2665,351,9
2021-01-23,Brazil,AL,113662,2674,457,9
2021-01-24,Brazil,AL,114169,2683,507,9
2021-01-25,Brazil,AL,114836,2692,667,9
2021-01-26,Brazil,AL,115383,2701,547,9
2021-01-27,Brazil,AL,115946,2710,563,9
2021-01-28,Brazil,AL,116379,2719,433,9
2021-01-29,Brazil,AL,116773,2728,394,9
2021-01-30,Brazil,AL,117287,2737,514,9
2021-01-31,Brazil,AL,117768,2746,481,9
2021-02-01,Brazil,AL,118220,2754,452,8
2021-02-02,Brazil,AL,118741,2763,521,9
2021-02-03,Brazil,AL,119088,2771,347,8
2021-02-04,Brazil,AL,119458,2780,370,9
2021-02-05,Brazil,AL,120028,2788,570,8
2021-02-06,Brazil,AL,120455,2797,427,9
2021-02-07,Brazil,AL,120694,2805,239,8
2021-02-08,Brazil,AL,121145,2814,451,9
2021-02-09,Brazil,AL,121603,2822,458,8
2021-02-10,Brazil,AL,122025,2831,422,9
2021-02-11,Brazil,AL,122491,2839,466,8
2021-02-12,Brazil,AL,122999,2848,508,9
2021-02-13,Brazil,AL,123625,2856,626,8
2021-02-14,Brazil,AL,124295,2865,670,9
2021-02-15,Brazil,AL,125044,2873,749,8
2021-02-16,Brazil,AL,125676,2883,632,10
2021-02-17,Brazil,AL,126326,2893,650,10
2021-02-18,Brazil,AL,126952,2903,626,10
2021-02-19,Brazil,AL,127341,2913,389,10
2021-02-20,Brazil,AL,127843,2923,502,10
2021-02-21,Brazil,AL,128192,2932,349,9
2021-02-22,Brazil,AL,128501,2940,309,8
2021-02-23,Brazil,AL,129046,2949,545,9
2021-02-24,Brazil,AL,129445,2959,399,10
2021-02-25,Brazil,AL,129917,2969,472,10
2021-02-26,Brazil,AL,130583,2979,666,10
2021-02-27,Brazil,AL,131066,2989,483,10
2021-02-28,Brazil,AL,131746,2999,680,10
2021-03-01,Brazil,AL,132245,3010,499,11
2021-03-02,Brazil,AL,132701,3022,456,12
2021-03-03,Brazil,AL,133220,3034,519,12
2021-03-04,Brazil,AL,133796,3047,576,13
2021-03-05,Brazil,AL,134419,3060,623,13
2021-03-06,Brazil,AL,134949,3073,530,13
2021-03-07,Brazil,AL,135566,3087,617,14
2021-03-08,Brazil,AL,136107,3102,541,15
2021-03-09,Brazil,AL,136759,3118,652,16
2021-03-10,Brazil,AL,137339,3134,580,16
2021-03-11,Brazil,AL,138065,3150,726,16
2021-03-12,Brazil,AL,138929,3166,864,16
2021-03-13,Brazil,AL,139645,3182,716,16
2021-03-14,Brazil,AL,140342,3198,697,16
2021-03-15,Brazil,AL,141390,3216,1048,18
2021-03-16,Brazil,AL,142544,3234,1154,18
2021-03-17,Brazil,AL,143338,3254,794,20
2021-03-18,Brazil,AL,144412,3274,1074,20
2021-03-19,Brazil,AL,145389,3294,977,20
2021-03-20,Brazil,AL,146396,3316,1007,22
2021-03-21,Brazil,AL,147459,3338,1063,22
2021-03-22,Brazil,AL,147882,3358,423,20
2021-03-23,Brazil,AL,148422,3378,540,20
2021-03-24,Brazil,AL,148996,3398,574,20
2021-03-25,Brazil,AL,149697,3421,701,23
2021-03-26,Brazil,AL,150366,3444,669,23
2021-03-27,Brazil,AL,151090,3467,724,23
2021-03-28,Brazil,AL,151824,3489,734,22
2021-03-29,Brazil,AL,152210,3511,386,22
2021-03-30,Brazil,AL,152866,3533,656,22
2021-03-31,Brazil,AL,153490,3554,624,21
2021-04-01,Brazil,AL,154199,3576,709,22
2021-04-02,Brazil,AL,154819,3598,620,22
2021-04-03,Brazil,AL,155810,3620,991,22
2021-04-04,Brazil,AL,156239,3643,429,23
2021-04-05,Brazil,AL,156522,3665,283,22
2021-04-06,Brazil,AL,157330,3688,808,23
2021-04-07,Brazil,AL,158069,3710,739,22
2021-04-08,Brazil,AL,158822,3732,753,22
2021-04-09,Brazil,AL,159511,3756,689,24
2021-04-10,Brazil,AL,160125,3780,614,24
2021-04-11,Brazil,AL,161353,3802,1228,22
2021-04-12,Brazil,AL,161502,3826,149,24
2021-04-13,Brazil,AL,162216,3850,714,24
2021-04-14,Brazil,AL,163018,3874,802,24
2021-04-15,Brazil,AL,163807,3898,789,24
2021-04-16,Brazil,AL,164404,3921,597,23
2021-04-17,Brazil,AL,165461,3944,1057,23
2021-04-18,Brazil,AL,166708,3968,1247,24
2021-04-19,Brazil,AL,167039,3991,331,23
2021-04-20,Brazil,AL,167401,4014,362,23
2021-04-21,Brazil,AL,168272,4034,871,20
2021-04-22,Brazil,AL,168747,4054,475,20
2021-04-23,Brazil,AL,169265,4074,518,20
2021-04-24,Brazil,AL,170138,4096,873,22
2021-04-25,Brazil,AL,170611,4117,473,21
2021-04-26,Brazil,AL,170902,4138,291,21
2021-04-27,Brazil,AL,171648,4159,746,21
2021-04-28,Brazil,AL,172322,4180,674,21
2021-04-29,Brazil,AL,173121,4200,799,20
2021-04-30,Brazil,AL,173662,4220,541,20
2021-05-01,Brazil,AL,174476,4240,814,20
2021-05-02,Brazil,AL,175169,4258,693,18
2021-05-03,Brazil,AL,175415,4275,246,17
