date,country,state,accumulated_num_cases,accumulated_num_deaths,new_num_cases,new_num_deaths
2020-02-25,Brazil,DF,0,0,0,0
2020-02-26,Brazil,DF,0,0,0,0
2020-02-27,Brazil,DF,0,0,0,0
2020-02-28,Brazil,DF,0,0,0,0
2020-02-29,Brazil,DF,0,0,0,0
2020-03-01,Brazil,DF,0,0,0,0
2020-03-02,Brazil,DF,0,0,0,0
2020-03-03,Brazil,DF,0,0,0,0
2020-03-04,Brazil,DF,0,0,0,0
2020-03-05,Brazil,DF,0,0,0,0
2020-03-06,Brazil,DF,0,0,0,0
2020-03-07,Brazil,DF,1,0,1,0
2020-03-08,Brazil,DF,1,0,0,0
2020-03-09,Brazil,DF,1,0,0,0
2020-03-10,Brazil,DF,1,0,0,0
2020-03-11,Brazil,DF,2,0,1,0
2020-03-12,Brazil,DF,2,0,0,0
2020-03-13,Brazil,DF,2,0,0,0
2020-03-14,Brazil,DF,8,0,6,0
2020-03-15,Brazil,DF,14,0,6,0
2020-03-16,Brazil,DF,19,0,5,0
2020-03-17,Brazil,DF,19,0,0,0
2020-03-18,Brazil,DF,34,0,15,0
2020-03-19,Brazil,DF,42,0,8,0
2020-03-20,Brazil,DF,87,0,45,0
2020-03-21,Brazil,DF,108,0,21,0
2020-03-22,Brazil,DF,117,0,9,0
2020-03-23,Brazil,DF,138,0,21,0
2020-03-24,Brazil,DF,161,0,23,0
2020-03-25,Brazil,DF,195,0,34,0
2020-03-26,Brazil,DF,201,0,6,0
2020-03-27,Brazil,DF,241,0,40,0
2020-03-28,Brazil,DF,260,0,19,0
2020-03-29,Brazil,DF,298,1,38,1
2020-03-30,Brazil,DF,312,2,14,1
2020-03-31,Brazil,DF,333,3,21,1
2020-04-01,Brazil,DF,370,4,37,1
2020-04-02,Brazil,DF,400,5,30,1
2020-04-03,Brazil,DF,419,6,19,1
2020-04-04,Brazil,DF,456,7,37,1
2020-04-05,Brazil,DF,468,7,12,0
2020-04-06,Brazil,DF,485,10,17,3
2020-04-07,Brazil,DF,503,12,18,2
2020-04-08,Brazil,DF,509,12,6,0
2020-04-09,Brazil,DF,527,13,18,1
2020-04-10,Brazil,DF,556,14,29,1
2020-04-11,Brazil,DF,592,14,36,0
2020-04-12,Brazil,DF,618,14,26,0
2020-04-13,Brazil,DF,641,15,23,1
2020-04-14,Brazil,DF,651,17,10,2
2020-04-15,Brazil,DF,688,17,37,0
2020-04-16,Brazil,DF,727,20,39,3
2020-04-17,Brazil,DF,756,24,29,4
2020-04-18,Brazil,DF,796,24,40,0
2020-04-19,Brazil,DF,860,24,64,0
2020-04-20,Brazil,DF,875,24,15,0
2020-04-21,Brazil,DF,913,24,38,0
2020-04-22,Brazil,DF,959,25,46,1
2020-04-23,Brazil,DF,968,26,9,1
2020-04-24,Brazil,DF,1012,26,44,0
2020-04-25,Brazil,DF,1020,27,8,1
2020-04-26,Brazil,DF,1125,27,105,0
2020-04-27,Brazil,DF,1189,28,64,1
2020-04-28,Brazil,DF,1230,28,41,0
2020-04-29,Brazil,DF,1313,28,83,0
2020-04-30,Brazil,DF,1423,30,110,2
2020-05-01,Brazil,DF,1546,31,123,1
2020-05-02,Brazil,DF,1605,32,59,1
2020-05-03,Brazil,DF,1720,33,115,1
2020-05-04,Brazil,DF,1793,33,73,0
2020-05-05,Brazil,DF,1837,34,44,1
2020-05-06,Brazil,DF,2046,35,209,1
2020-05-07,Brazil,DF,2258,35,212,0
2020-05-08,Brazil,DF,2442,37,184,2
2020-05-09,Brazil,DF,2576,39,134,2
2020-05-10,Brazil,DF,2682,42,106,3
2020-05-11,Brazil,DF,2799,44,117,2
2020-05-12,Brazil,DF,2979,46,180,2
2020-05-13,Brazil,DF,3192,48,213,2
2020-05-14,Brazil,DF,3416,51,224,3
2020-05-15,Brazil,DF,3787,55,371,4
2020-05-16,Brazil,DF,4140,56,353,1
2020-05-17,Brazil,DF,4368,58,228,2
2020-05-18,Brazil,DF,4618,66,250,8
2020-05-19,Brazil,DF,4853,72,235,6
2020-05-20,Brazil,DF,5271,78,418,6
2020-05-21,Brazil,DF,5542,84,271,6
2020-05-22,Brazil,DF,5948,90,406,6
2020-05-23,Brazil,DF,6248,95,300,5
2020-05-24,Brazil,DF,6638,104,390,9
2020-05-25,Brazil,DF,6930,114,292,10
2020-05-26,Brazil,DF,7210,124,280,10
2020-05-27,Brazil,DF,7761,133,551,9
2020-05-28,Brazil,DF,8300,142,539,9
2020-05-29,Brazil,DF,8722,154,422,12
2020-05-30,Brazil,DF,9474,162,752,8
2020-05-31,Brazil,DF,9780,170,306,8
2020-06-01,Brazil,DF,10510,173,730,3
2020-06-02,Brazil,DF,11256,177,746,4
2020-06-03,Brazil,DF,12020,191,764,14
2020-06-04,Brazil,DF,12923,196,903,5
2020-06-05,Brazil,DF,14208,202,1285,6
2020-06-06,Brazil,DF,15850,208,1642,6
2020-06-07,Brazil,DF,16623,214,773,6
2020-06-08,Brazil,DF,16948,226,325,12
2020-06-09,Brazil,DF,18090,236,1142,10
2020-06-10,Brazil,DF,19433,256,1343,20
2020-06-11,Brazil,DF,20507,274,1074,18
2020-06-12,Brazil,DF,21396,282,889,8
2020-06-13,Brazil,DF,21959,293,563,11
2020-06-14,Brazil,DF,22871,304,912,11
2020-06-15,Brazil,DF,23684,319,813,15
2020-06-16,Brazil,DF,25380,348,1696,29
2020-06-17,Brazil,DF,27140,365,1760,17
2020-06-18,Brazil,DF,28521,379,1381,14
2020-06-19,Brazil,DF,30902,396,2381,17
2020-06-20,Brazil,DF,32238,405,1336,9
2020-06-21,Brazil,DF,33227,423,989,18
2020-06-22,Brazil,DF,34148,449,921,26
2020-06-23,Brazil,DF,35368,475,1220,26
2020-06-24,Brazil,DF,37254,495,1886,20
2020-06-25,Brazil,DF,38871,509,1617,14
2020-06-26,Brazil,DF,41326,532,2455,23
2020-06-27,Brazil,DF,42766,537,1440,5
2020-06-28,Brazil,DF,44905,548,2139,11
2020-06-29,Brazil,DF,47071,559,2166,11
2020-06-30,Brazil,DF,49218,587,2147,28
2020-07-01,Brazil,DF,50676,620,1458,33
2020-07-02,Brazil,DF,52281,631,1605,11
2020-07-03,Brazil,DF,53996,643,1715,12
2020-07-04,Brazil,DF,55760,671,1764,28
2020-07-05,Brazil,DF,57854,699,2094,28
2020-07-06,Brazil,DF,60383,726,2529,27
2020-07-07,Brazil,DF,62694,767,2311,41
2020-07-08,Brazil,DF,64314,801,1620,34
2020-07-09,Brazil,DF,65677,823,1363,22
2020-07-10,Brazil,DF,67297,856,1620,33
2020-07-11,Brazil,DF,68406,871,1109,15
2020-07-12,Brazil,DF,70712,902,2306,31
2020-07-13,Brazil,DF,72284,930,1572,28
2020-07-14,Brazil,DF,73654,960,1370,30
2020-07-15,Brazil,DF,75379,1001,1725,41
2020-07-16,Brazil,DF,77621,1037,2242,36
2020-07-17,Brazil,DF,79400,1060,1779,23
2020-07-18,Brazil,DF,81163,1075,1763,15
2020-07-19,Brazil,DF,82412,1085,1249,10
2020-07-20,Brazil,DF,84287,1112,1875,27
2020-07-21,Brazil,DF,86076,1158,1789,46
2020-07-22,Brazil,DF,87801,1176,1725,18
2020-07-23,Brazil,DF,90023,1218,2222,42
2020-07-24,Brazil,DF,92414,1244,2391,26
2020-07-25,Brazil,DF,94187,1275,1773,31
2020-07-26,Brazil,DF,96332,1308,2145,33
2020-07-27,Brazil,DF,98480,1339,2148,31
2020-07-28,Brazil,DF,100726,1391,2246,52
2020-07-29,Brazil,DF,102342,1419,1616,28
2020-07-30,Brazil,DF,104442,1444,2100,25
2020-07-31,Brazil,DF,106292,1469,1850,25
2020-08-01,Brazil,DF,107922,1490,1630,21
2020-08-02,Brazil,DF,110028,1523,2106,33
2020-08-03,Brazil,DF,112044,1546,2016,23
2020-08-04,Brazil,DF,113924,1572,1880,26
2020-08-05,Brazil,DF,115966,1605,2042,33
2020-08-06,Brazil,DF,118000,1651,2034,46
2020-08-07,Brazil,DF,119903,1682,1903,31
2020-08-08,Brazil,DF,121824,1712,1921,30
2020-08-09,Brazil,DF,123057,1731,1233,19
2020-08-10,Brazil,DF,126069,1762,3012,31
2020-08-11,Brazil,DF,127484,1815,1415,53
2020-08-12,Brazil,DF,129184,1870,1700,55
2020-08-13,Brazil,DF,131170,1905,1986,35
2020-08-14,Brazil,DF,133166,1935,1996,30
2020-08-15,Brazil,DF,135014,1958,1848,23
2020-08-16,Brazil,DF,136467,1976,1453,18
2020-08-17,Brazil,DF,138735,2042,2268,66
2020-08-18,Brazil,DF,140170,2097,1435,55
2020-08-19,Brazil,DF,141762,2148,1592,51
2020-08-20,Brazil,DF,143759,2200,1997,52
2020-08-21,Brazil,DF,145452,2242,1693,42
2020-08-22,Brazil,DF,147127,2257,1675,15
2020-08-23,Brazil,DF,148998,2274,1871,17
2020-08-24,Brazil,DF,150519,2316,1521,42
2020-08-25,Brazil,DF,153690,2344,3171,28
2020-08-26,Brazil,DF,155253,2399,1563,55
2020-08-27,Brazil,DF,156863,2425,1610,26
2020-08-28,Brazil,DF,158180,2440,1317,15
2020-08-29,Brazil,DF,159526,2450,1346,10
2020-08-30,Brazil,DF,160796,2469,1270,19
2020-08-31,Brazil,DF,162042,2521,1246,52
2020-09-01,Brazil,DF,163498,2573,1456,52
2020-09-02,Brazil,DF,164649,2609,1151,36
2020-09-03,Brazil,DF,165903,2641,1254,32
2020-09-04,Brazil,DF,167200,2681,1297,40
2020-09-05,Brazil,DF,168605,2700,1405,19
2020-09-06,Brazil,DF,169617,2710,1012,10
2020-09-07,Brazil,DF,170806,2720,1189,10
2020-09-08,Brazil,DF,171739,2763,933,43
2020-09-09,Brazil,DF,172708,2813,969,50
2020-09-10,Brazil,DF,173631,2843,923,30
2020-09-11,Brazil,DF,174549,2867,918,24
2020-09-12,Brazil,DF,175646,2883,1097,16
2020-09-13,Brazil,DF,176837,2899,1191,16
2020-09-14,Brazil,DF,177921,2930,1084,31
2020-09-15,Brazil,DF,178747,2970,826,40
2020-09-16,Brazil,DF,179823,3000,1076,30
2020-09-17,Brazil,DF,180844,3022,1021,22
2020-09-18,Brazil,DF,181919,3037,1075,15
2020-09-19,Brazil,DF,183096,3048,1177,11
2020-09-20,Brazil,DF,183749,3062,653,14
2020-09-21,Brazil,DF,184555,3097,806,35
2020-09-22,Brazil,DF,185349,3131,794,34
2020-09-23,Brazil,DF,186054,3148,705,17
2020-09-24,Brazil,DF,186945,3164,891,16
2020-09-25,Brazil,DF,187895,3175,950,11
2020-09-26,Brazil,DF,188608,3183,713,8
2020-09-27,Brazil,DF,189513,3188,905,5
2020-09-28,Brazil,DF,190505,3203,992,15
2020-09-29,Brazil,DF,191317,3224,812,21
2020-09-30,Brazil,DF,192245,3255,928,31
2020-10-01,Brazil,DF,193127,3276,882,21
2020-10-02,Brazil,DF,194042,3291,915,15
2020-10-03,Brazil,DF,194783,3309,741,18
2020-10-04,Brazil,DF,195413,3325,630,16
2020-10-05,Brazil,DF,195967,3346,554,21
2020-10-06,Brazil,DF,196787,3364,820,18
2020-10-07,Brazil,DF,197369,3378,582,14
2020-10-08,Brazil,DF,198192,3391,823,13
2020-10-09,Brazil,DF,198807,3398,615,7
2020-10-10,Brazil,DF,199569,3412,762,14
2020-10-11,Brazil,DF,200035,3424,466,12
2020-10-12,Brazil,DF,200412,3439,377,15
2020-10-13,Brazil,DF,201230,3466,818,27
2020-10-14,Brazil,DF,202058,3488,828,22
2020-10-15,Brazil,DF,202786,3499,728,11
2020-10-16,Brazil,DF,203576,3526,790,27
2020-10-17,Brazil,DF,204304,3539,728,13
2020-10-18,Brazil,DF,204957,3545,653,6
2020-10-19,Brazil,DF,205709,3561,752,16
2020-10-20,Brazil,DF,206265,3575,556,14
2020-10-21,Brazil,DF,207067,3587,802,12
2020-10-22,Brazil,DF,207670,3600,603,13
2020-10-23,Brazil,DF,208235,3613,565,13
2020-10-24,Brazil,DF,208761,3623,526,10
2020-10-25,Brazil,DF,209369,3633,608,10
2020-10-26,Brazil,DF,210145,3641,776,8
2020-10-27,Brazil,DF,210774,3653,629,12
2020-10-28,Brazil,DF,211442,3661,668,8
2020-10-29,Brazil,DF,212140,3670,698,9
2020-10-30,Brazil,DF,212762,3676,622,6
2020-10-31,Brazil,DF,213245,3683,483,7
2020-11-01,Brazil,DF,213456,3688,211,5
2020-11-02,Brazil,DF,213636,3695,180,7
2020-11-03,Brazil,DF,214202,3707,566,12
2020-11-04,Brazil,DF,214655,3719,453,12
2020-11-05,Brazil,DF,214955,3728,300,9
2020-11-06,Brazil,DF,215426,3733,471,5
2020-11-07,Brazil,DF,215850,3740,424,7
2020-11-08,Brazil,DF,216389,3752,539,12
2020-11-09,Brazil,DF,216861,3759,472,7
2020-11-10,Brazil,DF,217370,3775,509,16
2020-11-11,Brazil,DF,217793,3788,423,13
2020-11-12,Brazil,DF,218479,3797,686,9
2020-11-13,Brazil,DF,219012,3808,533,11
2020-11-14,Brazil,DF,219712,3813,700,5
2020-11-15,Brazil,DF,219992,3817,280,4
2020-11-16,Brazil,DF,220403,3825,411,8
2020-11-17,Brazil,DF,221031,3837,628,12
2020-11-18,Brazil,DF,221526,3845,495,8
2020-11-19,Brazil,DF,222282,3852,756,7
2020-11-20,Brazil,DF,222836,3857,554,5
2020-11-21,Brazil,DF,223378,3862,542,5
2020-11-22,Brazil,DF,223658,3867,280,5
2020-11-23,Brazil,DF,224517,3882,859,15
2020-11-24,Brazil,DF,225013,3898,496,16
2020-11-25,Brazil,DF,225873,3906,860,8
2020-11-26,Brazil,DF,226697,3910,824,4
2020-11-27,Brazil,DF,227581,3915,884,5
2020-11-28,Brazil,DF,228075,3920,494,5
2020-11-29,Brazil,DF,228702,3925,627,5
2020-11-30,Brazil,DF,229146,3930,444,5
2020-12-01,Brazil,DF,230122,3939,976,9
2020-12-02,Brazil,DF,230905,3955,783,16
2020-12-03,Brazil,DF,231426,3962,521,7
2020-12-04,Brazil,DF,232781,3968,1355,6
2020-12-05,Brazil,DF,233376,3978,595,10
2020-12-06,Brazil,DF,233731,3985,355,7
2020-12-07,Brazil,DF,234376,4001,645,16
2020-12-08,Brazil,DF,235480,4011,1104,10
2020-12-09,Brazil,DF,236322,4032,842,21
2020-12-10,Brazil,DF,237114,4043,792,11
2020-12-11,Brazil,DF,237945,4051,831,8
2020-12-12,Brazil,DF,238634,4059,689,8
2020-12-13,Brazil,DF,239096,4066,462,7
2020-12-14,Brazil,DF,240132,4086,1036,20
2020-12-15,Brazil,DF,240869,4095,737,9
2020-12-16,Brazil,DF,241400,4107,531,12
2020-12-17,Brazil,DF,242299,4123,899,16
2020-12-18,Brazil,DF,243212,4132,913,9
2020-12-19,Brazil,DF,243834,4138,622,6
2020-12-20,Brazil,DF,244243,4145,409,7
2020-12-21,Brazil,DF,245243,4156,1000,11
2020-12-22,Brazil,DF,245872,4169,629,13
2020-12-23,Brazil,DF,246397,4181,525,12
2020-12-24,Brazil,DF,246949,4188,552,7
2020-12-25,Brazil,DF,247278,4192,329,4
2020-12-26,Brazil,DF,247928,4198,650,6
2020-12-27,Brazil,DF,248543,4201,615,3
2020-12-28,Brazil,DF,249736,4223,1193,22
2020-12-29,Brazil,DF,250457,4241,721,18
2020-12-30,Brazil,DF,251135,4248,678,7
2020-12-31,Brazil,DF,251701,4259,566,11
2021-01-01,Brazil,DF,252077,4263,376,4
2021-01-02,Brazil,DF,252874,4268,797,5
2021-01-03,Brazil,DF,253355,4269,481,1
2021-01-04,Brazil,DF,254310,4289,955,20
2021-01-05,Brazil,DF,255875,4328,1565,39
2021-01-06,Brazil,DF,255875,4328,0,0
2021-01-07,Brazil,DF,256682,4337,807,9
2021-01-08,Brazil,DF,257355,4345,673,8
2021-01-09,Brazil,DF,258153,4351,798,6
2021-01-10,Brazil,DF,258811,4356,658,5
2021-01-11,Brazil,DF,259797,4368,986,12
2021-01-12,Brazil,DF,260797,4375,1000,7
2021-01-13,Brazil,DF,261456,4388,659,13
2021-01-14,Brazil,DF,262222,4399,766,11
2021-01-15,Brazil,DF,262928,4406,706,7
2021-01-16,Brazil,DF,263756,4412,828,6
2021-01-17,Brazil,DF,264227,4421,471,9
2021-01-18,Brazil,DF,265274,4427,1047,6
2021-01-19,Brazil,DF,265886,4436,612,9
2021-01-20,Brazil,DF,266506,4442,620,6
2021-01-21,Brazil,DF,267340,4452,834,10
2021-01-22,Brazil,DF,268394,4460,1054,8
2021-01-23,Brazil,DF,269350,4468,956,8
2021-01-24,Brazil,DF,270171,4476,821,8
2021-01-25,Brazil,DF,271319,4490,1148,14
2021-01-26,Brazil,DF,272375,4505,1056,15
2021-01-27,Brazil,DF,273427,4508,1052,3
2021-01-28,Brazil,DF,274601,4519,1174,11
2021-01-29,Brazil,DF,275688,4533,1087,14
2021-01-30,Brazil,DF,276572,4545,884,12
2021-01-31,Brazil,DF,277110,4554,538,9
2021-02-01,Brazil,DF,277907,4564,797,10
2021-02-02,Brazil,DF,278316,4573,409,9
2021-02-03,Brazil,DF,278972,4582,656,9
2021-02-04,Brazil,DF,279402,4591,430,9
2021-02-05,Brazil,DF,280026,4600,624,9
2021-02-06,Brazil,DF,280599,4608,573,8
2021-02-07,Brazil,DF,281002,4618,403,10
2021-02-08,Brazil,DF,281546,4631,544,13
2021-02-09,Brazil,DF,282071,4641,525,10
2021-02-10,Brazil,DF,282649,4649,578,8
2021-02-11,Brazil,DF,283194,4660,545,11
2021-02-12,Brazil,DF,283706,4671,512,11
2021-02-13,Brazil,DF,284301,4680,595,9
2021-02-14,Brazil,DF,284838,4688,537,8
2021-02-15,Brazil,DF,285576,4697,738,9
2021-02-16,Brazil,DF,286137,4708,561,11
2021-02-17,Brazil,DF,286720,4718,583,10
2021-02-18,Brazil,DF,287365,4728,645,10
2021-02-19,Brazil,DF,288229,4738,864,10
2021-02-20,Brazil,DF,288977,4747,748,9
2021-02-21,Brazil,DF,289820,4757,843,10
2021-02-22,Brazil,DF,290771,4766,951,9
2021-02-23,Brazil,DF,291353,4775,582,9
2021-02-24,Brazil,DF,292714,4791,1361,16
2021-02-25,Brazil,DF,293782,4805,1068,14
2021-02-26,Brazil,DF,294911,4819,1129,14
2021-02-27,Brazil,DF,295615,4831,704,12
2021-02-28,Brazil,DF,296694,4838,1079,7
2021-03-01,Brazil,DF,298836,4865,2142,27
2021-03-02,Brazil,DF,299399,4887,563,22
2021-03-03,Brazil,DF,300919,4900,1520,13
2021-03-04,Brazil,DF,302185,4918,1266,18
2021-03-05,Brazil,DF,303685,4933,1500,15
2021-03-06,Brazil,DF,305377,4950,1692,17
2021-03-07,Brazil,DF,306251,4962,874,12
2021-03-08,Brazil,DF,308539,4979,2288,17
2021-03-09,Brazil,DF,309547,5002,1008,23
2021-03-10,Brazil,DF,311098,5027,1551,25
2021-03-11,Brazil,DF,312956,5048,1858,21
2021-03-12,Brazil,DF,314521,5082,1565,34
2021-03-13,Brazil,DF,316181,5097,1660,15
2021-03-14,Brazil,DF,317880,5116,1699,19
2021-03-15,Brazil,DF,319936,5145,2056,29
2021-03-16,Brazil,DF,321364,5176,1428,31
2021-03-17,Brazil,DF,322686,5206,1322,30
2021-03-18,Brazil,DF,324576,5274,1890,68
2021-03-19,Brazil,DF,326083,5321,1507,47
2021-03-20,Brazil,DF,327822,5355,1739,34
2021-03-21,Brazil,DF,328902,5382,1080,27
2021-03-22,Brazil,DF,330756,5441,1854,59
2021-03-23,Brazil,DF,332153,5503,1397,62
2021-03-24,Brazil,DF,333348,5553,1195,50
2021-03-25,Brazil,DF,335153,5610,1805,57
2021-03-26,Brazil,DF,337294,5674,2141,64
2021-03-27,Brazil,DF,338930,5717,1636,43
2021-03-28,Brazil,DF,340166,5757,1236,40
2021-03-29,Brazil,DF,341758,5818,1592,61
2021-03-30,Brazil,DF,343111,5912,1353,94
2021-03-31,Brazil,DF,344364,6029,1253,117
2021-04-01,Brazil,DF,345682,6150,1318,121
2021-04-02,Brazil,DF,346873,6207,1191,57
2021-04-03,Brazil,DF,348687,6235,1814,28
2021-04-04,Brazil,DF,349775,6288,1088,53
2021-04-05,Brazil,DF,351163,6366,1388,78
2021-04-06,Brazil,DF,352067,6449,904,83
2021-04-07,Brazil,DF,353206,6532,1139,83
2021-04-08,Brazil,DF,354816,6609,1610,77
2021-04-09,Brazil,DF,356558,6676,1742,67
2021-04-10,Brazil,DF,357761,6709,1203,33
2021-04-11,Brazil,DF,359122,6754,1361,45
2021-04-12,Brazil,DF,360124,6840,1002,86
2021-04-13,Brazil,DF,361023,6906,899,66
2021-04-14,Brazil,DF,362379,6972,1356,66
2021-04-15,Brazil,DF,363344,7049,965,77
2021-04-16,Brazil,DF,364452,7125,1108,76
2021-04-17,Brazil,DF,365646,7172,1194,47
2021-04-18,Brazil,DF,366708,7210,1062,38
2021-04-19,Brazil,DF,367969,7284,1261,74
2021-04-20,Brazil,DF,368924,7344,955,60
2021-04-21,Brazil,DF,369808,7388,884,44
2021-04-22,Brazil,DF,370686,7440,878,52
2021-04-23,Brazil,DF,371719,7494,1033,54
2021-04-24,Brazil,DF,372563,7534,844,40
2021-04-25,Brazil,DF,373501,7569,938,35
2021-04-26,Brazil,DF,374588,7628,1087,59
2021-04-27,Brazil,DF,375506,7669,918,41
2021-04-28,Brazil,DF,376727,7718,1221,49
2021-04-29,Brazil,DF,377656,7761,929,43
2021-04-30,Brazil,DF,378783,7798,1127,37
2021-05-01,Brazil,DF,379752,7826,969,28
2021-05-02,Brazil,DF,380639,7855,887,29
2021-05-03,Brazil,DF,381468,7883,829,28
2021-05-04,Brazil,DF,382231,7926,763,43
2021-05-05,Brazil,DF,383030,7978,799,52
2021-05-06,Brazil,DF,384031,8026,1001,48
2021-05-07,Brazil,DF,384851,8056,820,30
2021-05-08,Brazil,DF,385763,8087,912,31
2021-05-09,Brazil,DF,386688,8113,925,26
2021-05-10,Brazil,DF,387520,8150,832,37
2021-05-11,Brazil,DF,388286,8184,766,34
2021-05-12,Brazil,DF,389178,8217,892,33
2021-05-13,Brazil,DF,390117,8251,939,34
2021-05-14,Brazil,DF,390805,8275,688,24
2021-05-15,Brazil,DF,391688,8298,883,23
2021-05-16,Brazil,DF,392582,8317,894,19
2021-05-17,Brazil,DF,393631,8345,1049,28
2021-05-18,Brazil,DF,394223,8366,592,21
2021-05-19,Brazil,DF,395213,8399,990,33
2021-05-20,Brazil,DF,396087,8422,874,23
2021-05-21,Brazil,DF,396985,8442,898,20
2021-05-22,Brazil,DF,397715,8450,730,8
2021-05-23,Brazil,DF,398450,8466,735,16
