date,country,state,accumulated_num_cases,accumulated_num_deaths,new_num_cases,new_num_deaths
2020-02-25,Brazil,MS,0,0,0,0
2020-02-26,Brazil,MS,0,0,0,0
2020-02-27,Brazil,MS,0,0,0,0
2020-02-28,Brazil,MS,0,0,0,0
2020-02-29,Brazil,MS,0,0,0,0
2020-03-01,Brazil,MS,0,0,0,0
2020-03-02,Brazil,MS,0,0,0,0
2020-03-03,Brazil,MS,0,0,0,0
2020-03-04,Brazil,MS,0,0,0,0
2020-03-05,Brazil,MS,0,0,0,0
2020-03-06,Brazil,MS,0,0,0,0
2020-03-07,Brazil,MS,0,0,0,0
2020-03-08,Brazil,MS,0,0,0,0
2020-03-09,Brazil,MS,0,0,0,0
2020-03-10,Brazil,MS,0,0,0,0
2020-03-11,Brazil,MS,0,0,0,0
2020-03-12,Brazil,MS,0,0,0,0
2020-03-13,Brazil,MS,0,0,0,0
2020-03-14,Brazil,MS,2,0,2,0
2020-03-15,Brazil,MS,2,0,0,0
2020-03-16,Brazil,MS,4,0,2,0
2020-03-17,Brazil,MS,6,0,2,0
2020-03-18,Brazil,MS,7,0,1,0
2020-03-19,Brazil,MS,9,0,2,0
2020-03-20,Brazil,MS,12,0,3,0
2020-03-21,Brazil,MS,16,0,4,0
2020-03-22,Brazil,MS,21,0,5,0
2020-03-23,Brazil,MS,21,0,0,0
2020-03-24,Brazil,MS,24,0,3,0
2020-03-25,Brazil,MS,24,0,0,0
2020-03-26,Brazil,MS,25,0,1,0
2020-03-27,Brazil,MS,28,0,3,0
2020-03-28,Brazil,MS,31,0,3,0
2020-03-29,Brazil,MS,36,0,5,0
2020-03-30,Brazil,MS,44,0,8,0
2020-03-31,Brazil,MS,48,1,4,1
2020-04-01,Brazil,MS,51,1,3,0
2020-04-02,Brazil,MS,53,1,2,0
2020-04-03,Brazil,MS,60,1,7,0
2020-04-04,Brazil,MS,62,1,2,0
2020-04-05,Brazil,MS,65,1,3,0
2020-04-06,Brazil,MS,66,1,1,0
2020-04-07,Brazil,MS,80,2,14,1
2020-04-08,Brazil,MS,85,2,5,0
2020-04-09,Brazil,MS,89,2,4,0
2020-04-10,Brazil,MS,97,2,8,0
2020-04-11,Brazil,MS,100,2,3,0
2020-04-12,Brazil,MS,101,2,1,0
2020-04-13,Brazil,MS,113,4,12,2
2020-04-14,Brazil,MS,115,4,2,0
2020-04-15,Brazil,MS,121,4,6,0
2020-04-16,Brazil,MS,131,5,10,1
2020-04-17,Brazil,MS,143,5,12,0
2020-04-18,Brazil,MS,161,5,18,0
2020-04-19,Brazil,MS,168,5,7,0
2020-04-20,Brazil,MS,171,5,3,0
2020-04-21,Brazil,MS,173,6,2,1
2020-04-22,Brazil,MS,175,6,2,0
2020-04-23,Brazil,MS,186,7,11,1
2020-04-24,Brazil,MS,213,7,27,0
2020-04-25,Brazil,MS,217,7,4,0
2020-04-26,Brazil,MS,234,7,17,0
2020-04-27,Brazil,MS,238,9,4,2
2020-04-28,Brazil,MS,240,9,2,0
2020-04-29,Brazil,MS,249,9,9,0
2020-04-30,Brazil,MS,255,9,6,0
2020-05-01,Brazil,MS,261,9,6,0
2020-05-02,Brazil,MS,266,9,5,0
2020-05-03,Brazil,MS,272,10,6,1
2020-05-04,Brazil,MS,274,10,2,0
2020-05-05,Brazil,MS,283,10,9,0
2020-05-06,Brazil,MS,288,10,5,0
2020-05-07,Brazil,MS,311,10,23,0
2020-05-08,Brazil,MS,326,11,15,1
2020-05-09,Brazil,MS,346,11,20,0
2020-05-10,Brazil,MS,362,11,16,0
2020-05-11,Brazil,MS,385,11,23,0
2020-05-12,Brazil,MS,405,12,20,1
2020-05-13,Brazil,MS,430,13,25,1
2020-05-14,Brazil,MS,452,14,22,1
2020-05-15,Brazil,MS,479,14,27,0
2020-05-16,Brazil,MS,508,15,29,1
2020-05-17,Brazil,MS,570,15,62,0
2020-05-18,Brazil,MS,613,16,43,1
2020-05-19,Brazil,MS,642,16,29,0
2020-05-20,Brazil,MS,693,17,51,1
2020-05-21,Brazil,MS,746,17,53,0
2020-05-22,Brazil,MS,805,17,59,0
2020-05-23,Brazil,MS,858,17,53,0
2020-05-24,Brazil,MS,1023,17,165,0
2020-05-25,Brazil,MS,1100,17,77,0
2020-05-26,Brazil,MS,1186,18,86,1
2020-05-27,Brazil,MS,1262,18,76,0
2020-05-28,Brazil,MS,1356,18,94,0
2020-05-29,Brazil,MS,1418,19,62,1
2020-05-30,Brazil,MS,1489,20,71,1
2020-05-31,Brazil,MS,1568,20,79,0
2020-06-01,Brazil,MS,1646,20,78,0
2020-06-02,Brazil,MS,1802,20,156,0
2020-06-03,Brazil,MS,1925,20,123,0
2020-06-04,Brazil,MS,1997,21,72,1
2020-06-05,Brazil,MS,2132,21,135,0
2020-06-06,Brazil,MS,2253,21,121,0
2020-06-07,Brazil,MS,2324,22,71,1
2020-06-08,Brazil,MS,2455,22,131,0
2020-06-09,Brazil,MS,2597,24,142,2
2020-06-10,Brazil,MS,2853,25,256,1
2020-06-11,Brazil,MS,3001,28,148,3
2020-06-12,Brazil,MS,3235,28,234,0
2020-06-13,Brazil,MS,3433,31,198,3
2020-06-14,Brazil,MS,3551,33,118,2
2020-06-15,Brazil,MS,3785,36,234,3
2020-06-16,Brazil,MS,4164,36,379,0
2020-06-17,Brazil,MS,4274,39,110,3
2020-06-18,Brazil,MS,4666,40,392,1
2020-06-19,Brazil,MS,4990,43,324,3
2020-06-20,Brazil,MS,5237,45,247,2
2020-06-21,Brazil,MS,5391,47,154,2
2020-06-22,Brazil,MS,5784,55,393,8
2020-06-23,Brazil,MS,6201,56,417,1
2020-06-24,Brazil,MS,6523,61,322,5
2020-06-25,Brazil,MS,6913,65,390,4
2020-06-26,Brazil,MS,7307,68,394,3
2020-06-27,Brazil,MS,7527,72,220,4
2020-06-28,Brazil,MS,7676,75,149,3
2020-06-29,Brazil,MS,7965,76,289,1
2020-06-30,Brazil,MS,8676,85,711,9
2020-07-01,Brazil,MS,9062,91,386,6
2020-07-02,Brazil,MS,9388,107,326,16
2020-07-03,Brazil,MS,9910,114,522,7
2020-07-04,Brazil,MS,10089,117,179,3
2020-07-05,Brazil,MS,10253,122,164,5
2020-07-06,Brazil,MS,10687,128,434,6
2020-07-07,Brazil,MS,11063,134,376,6
2020-07-08,Brazil,MS,11671,136,608,2
2020-07-09,Brazil,MS,12261,146,590,10
2020-07-10,Brazil,MS,12969,153,708,7
2020-07-11,Brazil,MS,13197,161,228,8
2020-07-12,Brazil,MS,13461,167,264,6
2020-07-13,Brazil,MS,13934,177,473,10
2020-07-14,Brazil,MS,14631,183,697,6
2020-07-15,Brazil,MS,15330,191,699,8
2020-07-16,Brazil,MS,15805,203,475,12
2020-07-17,Brazil,MS,16006,216,201,13
2020-07-18,Brazil,MS,16403,222,397,6
2020-07-19,Brazil,MS,16637,228,234,6
2020-07-20,Brazil,MS,17386,248,749,20
2020-07-21,Brazil,MS,18889,257,1503,9
2020-07-22,Brazil,MS,19671,266,782,9
2020-07-23,Brazil,MS,20303,281,632,15
2020-07-24,Brazil,MS,21015,292,712,11
2020-07-25,Brazil,MS,21514,305,499,13
2020-07-26,Brazil,MS,21802,319,288,14
2020-07-27,Brazil,MS,22443,328,641,9
2020-07-28,Brazil,MS,23411,342,968,14
2020-07-29,Brazil,MS,24287,357,876,15
2020-07-30,Brazil,MS,24936,376,649,19
2020-07-31,Brazil,MS,25739,389,803,13
2020-08-01,Brazil,MS,26003,404,264,15
2020-08-02,Brazil,MS,26645,421,642,17
2020-08-03,Brazil,MS,27678,432,1033,11
2020-08-04,Brazil,MS,28315,442,637,10
2020-08-05,Brazil,MS,29101,458,786,16
2020-08-06,Brazil,MS,29988,481,887,23
2020-08-07,Brazil,MS,30707,492,719,11
2020-08-08,Brazil,MS,31344,509,637,17
2020-08-09,Brazil,MS,31739,523,395,14
2020-08-10,Brazil,MS,32562,544,823,21
2020-08-11,Brazil,MS,33509,558,947,14
2020-08-12,Brazil,MS,34559,570,1050,12
2020-08-13,Brazil,MS,35434,591,875,21
2020-08-14,Brazil,MS,36542,598,1108,7
2020-08-15,Brazil,MS,36836,626,294,28
2020-08-16,Brazil,MS,37425,640,589,14
2020-08-17,Brazil,MS,38393,657,968,17
2020-08-18,Brazil,MS,39381,668,988,11
2020-08-19,Brazil,MS,40201,686,820,18
2020-08-20,Brazil,MS,40711,696,510,10
2020-08-21,Brazil,MS,41888,722,1177,26
2020-08-22,Brazil,MS,42498,738,610,16
2020-08-23,Brazil,MS,43065,749,567,11
2020-08-24,Brazil,MS,44324,767,1259,18
2020-08-25,Brazil,MS,45359,783,1035,16
2020-08-26,Brazil,MS,46261,800,902,17
2020-08-27,Brazil,MS,47152,823,891,23
2020-08-28,Brazil,MS,48023,840,871,17
2020-08-29,Brazil,MS,48522,851,499,11
2020-08-30,Brazil,MS,48937,862,415,11
2020-08-31,Brazil,MS,49820,889,883,27
2020-09-01,Brazil,MS,50645,903,825,14
2020-09-02,Brazil,MS,51575,914,930,11
2020-09-03,Brazil,MS,52406,939,831,25
2020-09-04,Brazil,MS,53328,953,922,14
2020-09-05,Brazil,MS,53491,966,163,13
2020-09-06,Brazil,MS,54125,970,634,4
2020-09-07,Brazil,MS,54363,987,238,17
2020-09-08,Brazil,MS,55345,1007,982,20
2020-09-09,Brazil,MS,56046,1024,701,17
2020-09-10,Brazil,MS,58304,1035,2258,11
2020-09-11,Brazil,MS,58671,1055,367,20
2020-09-12,Brazil,MS,59077,1065,406,10
2020-09-13,Brazil,MS,59408,1085,331,20
2020-09-14,Brazil,MS,60297,1106,889,21
2020-09-15,Brazil,MS,60963,1122,666,16
2020-09-16,Brazil,MS,61794,1133,831,11
2020-09-17,Brazil,MS,62817,1148,1023,15
2020-09-18,Brazil,MS,63466,1162,649,14
2020-09-19,Brazil,MS,63848,1172,382,10
2020-09-20,Brazil,MS,64033,1179,185,7
2020-09-21,Brazil,MS,64959,1191,926,12
2020-09-22,Brazil,MS,65611,1204,652,13
2020-09-23,Brazil,MS,66426,1217,815,13
2020-09-24,Brazil,MS,67196,1234,770,17
2020-09-25,Brazil,MS,67834,1249,638,15
2020-09-26,Brazil,MS,68092,1263,258,14
2020-09-27,Brazil,MS,68325,1278,233,15
2020-09-28,Brazil,MS,68963,1293,638,15
2020-09-29,Brazil,MS,69706,1303,743,10
2020-09-30,Brazil,MS,70239,1311,533,8
2020-10-01,Brazil,MS,70828,1326,589,15
2020-10-02,Brazil,MS,71476,1335,648,9
2020-10-03,Brazil,MS,71723,1351,247,16
2020-10-04,Brazil,MS,71993,1365,270,14
2020-10-05,Brazil,MS,72546,1376,553,11
2020-10-06,Brazil,MS,73027,1385,481,9
2020-10-07,Brazil,MS,73548,1395,521,10
2020-10-08,Brazil,MS,74092,1409,544,14
2020-10-09,Brazil,MS,74567,1425,475,16
2020-10-10,Brazil,MS,74675,1433,108,8
2020-10-11,Brazil,MS,74839,1440,164,7
2020-10-12,Brazil,MS,75076,1449,237,9
2020-10-13,Brazil,MS,75561,1464,485,15
2020-10-14,Brazil,MS,76001,1469,440,5
2020-10-15,Brazil,MS,76547,1478,546,9
2020-10-16,Brazil,MS,77011,1486,464,8
2020-10-17,Brazil,MS,77123,1493,112,7
2020-10-18,Brazil,MS,77490,1497,367,4
2020-10-19,Brazil,MS,77943,1512,453,15
2020-10-20,Brazil,MS,78360,1518,417,6
2020-10-21,Brazil,MS,78710,1524,350,6
2020-10-22,Brazil,MS,79120,1538,410,14
2020-10-23,Brazil,MS,79599,1548,479,10
2020-10-24,Brazil,MS,79901,1553,302,5
2020-10-25,Brazil,MS,80064,1555,163,2
2020-10-26,Brazil,MS,80538,1566,474,11
2020-10-27,Brazil,MS,81033,1570,495,4
2020-10-28,Brazil,MS,81443,1581,410,11
2020-10-29,Brazil,MS,81998,1588,555,7
2020-10-30,Brazil,MS,82344,1592,346,4
2020-10-31,Brazil,MS,82618,1602,274,10
2020-11-01,Brazil,MS,82884,1609,266,7
2020-11-02,Brazil,MS,83022,1612,138,3
2020-11-03,Brazil,MS,83439,1622,417,10
2020-11-04,Brazil,MS,83616,1629,177,7
2020-11-05,Brazil,MS,84159,1634,543,5
2020-11-06,Brazil,MS,84720,1634,561,0
2020-11-07,Brazil,MS,84930,1634,210,0
2020-11-08,Brazil,MS,85126,1634,196,0
2020-11-09,Brazil,MS,85507,1640,381,6
2020-11-10,Brazil,MS,85990,1645,483,5
2020-11-11,Brazil,MS,86428,1674,438,29
2020-11-12,Brazil,MS,87081,1683,653,9
2020-11-13,Brazil,MS,87602,1688,521,5
2020-11-14,Brazil,MS,87935,1690,333,2
2020-11-15,Brazil,MS,88111,1693,176,3
2020-11-16,Brazil,MS,88965,1697,854,4
2020-11-17,Brazil,MS,89654,1699,689,2
2020-11-18,Brazil,MS,90229,1705,575,6
2020-11-19,Brazil,MS,90765,1713,536,8
2020-11-20,Brazil,MS,91682,1718,917,5
2020-11-21,Brazil,MS,92467,1722,785,4
2020-11-22,Brazil,MS,92970,1727,503,5
2020-11-23,Brazil,MS,93747,1738,777,11
2020-11-24,Brazil,MS,94652,1742,905,4
2020-11-25,Brazil,MS,95193,1748,541,6
2020-11-26,Brazil,MS,95721,1754,528,6
2020-11-27,Brazil,MS,97605,1757,1884,3
2020-11-28,Brazil,MS,98363,1766,758,9
2020-11-29,Brazil,MS,99061,1769,698,3
2020-11-30,Brazil,MS,100151,1780,1090,11
2020-12-01,Brazil,MS,101102,1793,951,13
2020-12-02,Brazil,MS,102236,1804,1134,11
2020-12-03,Brazil,MS,103433,1818,1197,14
2020-12-04,Brazil,MS,104727,1827,1294,9
2020-12-05,Brazil,MS,105223,1833,496,6
2020-12-06,Brazil,MS,105246,1841,23,8
2020-12-07,Brazil,MS,107235,1852,1989,11
2020-12-08,Brazil,MS,108549,1870,1314,18
2020-12-09,Brazil,MS,109785,1888,1236,18
2020-12-10,Brazil,MS,111335,1897,1550,9
2020-12-11,Brazil,MS,112876,1913,1541,16
2020-12-12,Brazil,MS,113298,1931,422,18
2020-12-13,Brazil,MS,113981,1949,683,18
2020-12-14,Brazil,MS,114631,1967,650,18
2020-12-15,Brazil,MS,116612,1978,1981,11
2020-12-16,Brazil,MS,118003,1993,1391,15
2020-12-17,Brazil,MS,119079,2009,1076,16
2020-12-18,Brazil,MS,120395,2032,1316,23
2020-12-19,Brazil,MS,121461,2051,1066,19
2020-12-20,Brazil,MS,122187,2077,726,26
2020-12-21,Brazil,MS,123529,2108,1342,31
2020-12-22,Brazil,MS,125181,2130,1652,22
2020-12-23,Brazil,MS,126583,2160,1402,30
2020-12-24,Brazil,MS,127874,2183,1291,23
2020-12-25,Brazil,MS,128164,2207,290,24
2020-12-26,Brazil,MS,129261,2229,1097,22
2020-12-27,Brazil,MS,129484,2245,223,16
2020-12-28,Brazil,MS,130850,2270,1366,25
2020-12-29,Brazil,MS,132431,2300,1581,30
2020-12-30,Brazil,MS,133761,2329,1330,29
2020-12-31,Brazil,MS,134750,2347,989,18
2021-01-01,Brazil,MS,135361,2360,611,13
2021-01-02,Brazil,MS,135917,2372,556,12
2021-01-03,Brazil,MS,136250,2398,333,26
2021-01-04,Brazil,MS,137570,2431,1320,33
2021-01-05,Brazil,MS,139152,2459,1582,28
2021-01-06,Brazil,MS,140463,2486,1311,27
2021-01-07,Brazil,MS,141649,2511,1186,25
2021-01-08,Brazil,MS,142765,2525,1116,14
2021-01-09,Brazil,MS,143596,2546,831,21
2021-01-10,Brazil,MS,144051,2565,455,19
2021-01-11,Brazil,MS,145048,2587,997,22
2021-01-12,Brazil,MS,146143,2609,1095,22
2021-01-13,Brazil,MS,147249,2625,1106,16
2021-01-14,Brazil,MS,148415,2648,1166,23
2021-01-15,Brazil,MS,149731,2661,1316,13
2021-01-16,Brazil,MS,150498,2674,767,13
2021-01-17,Brazil,MS,150944,2686,446,12
2021-01-18,Brazil,MS,152026,2705,1082,19
2021-01-19,Brazil,MS,153057,2723,1031,18
2021-01-20,Brazil,MS,154121,2741,1064,18
2021-01-21,Brazil,MS,155010,2771,889,30
2021-01-22,Brazil,MS,155972,2794,962,23
2021-01-23,Brazil,MS,156459,2812,487,18
2021-01-24,Brazil,MS,156711,2819,252,7
2021-01-25,Brazil,MS,157758,2839,1047,20
2021-01-26,Brazil,MS,158340,2848,582,9
2021-01-27,Brazil,MS,159131,2871,791,23
2021-01-28,Brazil,MS,159881,2885,750,14
2021-01-29,Brazil,MS,160623,2898,742,13
2021-01-30,Brazil,MS,161021,2909,398,11
2021-01-31,Brazil,MS,161371,2921,350,12
2021-02-01,Brazil,MS,162220,2937,849,16
2021-02-02,Brazil,MS,163003,2958,783,21
2021-02-03,Brazil,MS,163692,2972,689,14
2021-02-04,Brazil,MS,164314,2983,622,11
2021-02-05,Brazil,MS,165141,2999,827,16
2021-02-06,Brazil,MS,165553,3012,412,13
2021-02-07,Brazil,MS,165903,3024,350,12
2021-02-08,Brazil,MS,166940,3053,1037,29
2021-02-09,Brazil,MS,167786,3070,846,17
2021-02-10,Brazil,MS,168608,3090,822,20
2021-02-11,Brazil,MS,169308,3100,700,10
2021-02-12,Brazil,MS,170126,3115,818,15
2021-02-13,Brazil,MS,170522,3130,396,15
2021-02-14,Brazil,MS,170917,3142,395,12
2021-02-15,Brazil,MS,171828,3160,911,18
2021-02-16,Brazil,MS,172402,3166,574,6
2021-02-17,Brazil,MS,173235,3178,833,12
2021-02-18,Brazil,MS,174106,3186,871,8
2021-02-19,Brazil,MS,175113,3198,1007,12
2021-02-20,Brazil,MS,175544,3204,431,6
2021-02-21,Brazil,MS,175973,3224,429,20
2021-02-22,Brazil,MS,177158,3241,1185,17
2021-02-23,Brazil,MS,178250,3246,1092,5
2021-02-24,Brazil,MS,179144,3270,894,24
2021-02-25,Brazil,MS,180058,3293,914,23
2021-02-26,Brazil,MS,180986,3306,928,13
2021-02-27,Brazil,MS,181528,3319,542,13
2021-02-28,Brazil,MS,181981,3330,453,11
2021-03-01,Brazil,MS,183105,3350,1124,20
2021-03-02,Brazil,MS,184117,3374,1012,24
2021-03-03,Brazil,MS,185112,3393,995,19
2021-03-04,Brazil,MS,185883,3416,771,23
2021-03-05,Brazil,MS,187073,3431,1190,15
2021-03-06,Brazil,MS,187615,3444,542,13
2021-03-07,Brazil,MS,188267,3469,652,25
2021-03-08,Brazil,MS,189155,3491,888,22
2021-03-09,Brazil,MS,190392,3516,1237,25
2021-03-10,Brazil,MS,191326,3537,934,21
2021-03-11,Brazil,MS,192430,3563,1104,26
2021-03-12,Brazil,MS,193629,3584,1199,21
2021-03-13,Brazil,MS,194346,3614,717,30
2021-03-14,Brazil,MS,194882,3628,536,14
2021-03-15,Brazil,MS,196094,3667,1212,39
2021-03-16,Brazil,MS,197541,3709,1447,42
2021-03-17,Brazil,MS,198795,3740,1254,31
2021-03-18,Brazil,MS,200017,3775,1222,35
2021-03-19,Brazil,MS,201125,3799,1108,24
2021-03-20,Brazil,MS,202168,3826,1043,27
2021-03-21,Brazil,MS,202831,3854,663,28
2021-03-22,Brazil,MS,204096,3895,1265,41
2021-03-23,Brazil,MS,205712,3915,1616,20
2021-03-24,Brazil,MS,206968,3975,1256,60
2021-03-25,Brazil,MS,208495,4045,1527,70
2021-03-26,Brazil,MS,210002,4078,1507,33
2021-03-27,Brazil,MS,211282,4123,1280,45
2021-03-28,Brazil,MS,212419,4164,1137,41
2021-03-29,Brazil,MS,213869,4220,1450,56
2021-03-30,Brazil,MS,215598,4277,1729,57
2021-03-31,Brazil,MS,217457,4334,1859,57
2021-04-01,Brazil,MS,218959,4376,1502,42
2021-04-02,Brazil,MS,219857,4424,898,48
2021-04-03,Brazil,MS,220894,4481,1037,57
2021-04-04,Brazil,MS,221725,4513,831,32
2021-04-05,Brazil,MS,223209,4571,1484,58
2021-04-06,Brazil,MS,224697,4630,1488,59
2021-04-07,Brazil,MS,225992,4717,1295,87
2021-04-08,Brazil,MS,227226,4769,1234,52
2021-04-09,Brazil,MS,228427,4821,1201,52
2021-04-10,Brazil,MS,229419,4870,992,49
2021-04-11,Brazil,MS,230189,4907,770,37
2021-04-12,Brazil,MS,231511,4940,1322,33
2021-04-13,Brazil,MS,232849,5005,1338,65
2021-04-14,Brazil,MS,233948,5055,1099,50
2021-04-15,Brazil,MS,235010,5099,1062,44
2021-04-16,Brazil,MS,236087,5156,1077,57
2021-04-17,Brazil,MS,237015,5193,928,37
2021-04-18,Brazil,MS,237714,5224,699,31
2021-04-19,Brazil,MS,237714,5224,699,31
