date,country,state,accumulated_num_cases,accumulated_num_deaths,new_num_cases,new_num_deaths
2020-02-25,Brazil,PA,0,0,0,0
2020-02-26,Brazil,PA,0,0,0,0
2020-02-27,Brazil,PA,0,0,0,0
2020-02-28,Brazil,PA,0,0,0,0
2020-02-29,Brazil,PA,0,0,0,0
2020-03-01,Brazil,PA,0,0,0,0
2020-03-02,Brazil,PA,0,0,0,0
2020-03-03,Brazil,PA,0,0,0,0
2020-03-04,Brazil,PA,0,0,0,0
2020-03-05,Brazil,PA,0,0,0,0
2020-03-06,Brazil,PA,0,0,0,0
2020-03-07,Brazil,PA,0,0,0,0
2020-03-08,Brazil,PA,0,0,0,0
2020-03-09,Brazil,PA,0,0,0,0
2020-03-10,Brazil,PA,0,0,0,0
2020-03-11,Brazil,PA,0,0,0,0
2020-03-12,Brazil,PA,0,0,0,0
2020-03-13,Brazil,PA,0,0,0,0
2020-03-14,Brazil,PA,0,0,0,0
2020-03-15,Brazil,PA,0,0,0,0
2020-03-16,Brazil,PA,0,0,0,0
2020-03-17,Brazil,PA,0,0,0,0
2020-03-18,Brazil,PA,1,0,1,0
2020-03-19,Brazil,PA,1,0,0,0
2020-03-20,Brazil,PA,2,0,1,0
2020-03-21,Brazil,PA,2,0,0,0
2020-03-22,Brazil,PA,4,0,2,0
2020-03-23,Brazil,PA,5,0,1,0
2020-03-24,Brazil,PA,5,0,0,0
2020-03-25,Brazil,PA,7,0,2,0
2020-03-26,Brazil,PA,13,0,6,0
2020-03-27,Brazil,PA,16,0,3,0
2020-03-28,Brazil,PA,18,0,2,0
2020-03-29,Brazil,PA,20,0,2,0
2020-03-30,Brazil,PA,26,0,6,0
2020-03-31,Brazil,PA,34,0,8,0
2020-04-01,Brazil,PA,41,1,7,1
2020-04-02,Brazil,PA,49,1,8,0
2020-04-03,Brazil,PA,75,1,26,0
2020-04-04,Brazil,PA,82,1,7,0
2020-04-05,Brazil,PA,86,1,4,0
2020-04-06,Brazil,PA,123,5,37,4
2020-04-07,Brazil,PA,154,5,31,0
2020-04-08,Brazil,PA,165,6,11,1
2020-04-09,Brazil,PA,169,7,4,1
2020-04-10,Brazil,PA,217,9,48,2
2020-04-11,Brazil,PA,237,11,20,2
2020-04-12,Brazil,PA,259,14,22,3
2020-04-13,Brazil,PA,310,14,51,0
2020-04-14,Brazil,PA,384,21,74,7
2020-04-15,Brazil,PA,487,21,103,0
2020-04-16,Brazil,PA,557,26,70,5
2020-04-17,Brazil,PA,627,32,70,6
2020-04-18,Brazil,PA,641,33,14,1
2020-04-19,Brazil,PA,685,34,44,1
2020-04-20,Brazil,PA,902,35,217,1
2020-04-21,Brazil,PA,1026,38,124,3
2020-04-22,Brazil,PA,1195,43,169,5
2020-04-23,Brazil,PA,1267,53,72,10
2020-04-24,Brazil,PA,1579,86,312,33
2020-04-25,Brazil,PA,1745,95,166,9
2020-04-26,Brazil,PA,2070,114,325,19
2020-04-27,Brazil,PA,2219,122,149,8
2020-04-28,Brazil,PA,2319,132,100,10
2020-04-29,Brazil,PA,2586,156,267,24
2020-04-30,Brazil,PA,2999,224,413,68
2020-05-01,Brazil,PA,3359,263,360,39
2020-05-02,Brazil,PA,3727,306,368,43
2020-05-03,Brazil,PA,3920,317,193,11
2020-05-04,Brazil,PA,4262,344,342,27
2020-05-05,Brazil,PA,4756,375,494,31
2020-05-06,Brazil,PA,5524,410,768,35
2020-05-07,Brazil,PA,5935,488,411,78
2020-05-08,Brazil,PA,6519,574,584,86
2020-05-09,Brazil,PA,7018,610,499,36
2020-05-10,Brazil,PA,7348,672,330,62
2020-05-11,Brazil,PA,8069,812,721,140
2020-05-12,Brazil,PA,9059,914,990,102
2020-05-13,Brazil,PA,10344,1022,1285,108
2020-05-14,Brazil,PA,11479,1095,1135,73
2020-05-15,Brazil,PA,12626,1175,1147,80
2020-05-16,Brazil,PA,13464,1223,838,48
2020-05-17,Brazil,PA,14201,1280,737,57
2020-05-18,Brazil,PA,15467,1392,1266,112
2020-05-19,Brazil,PA,17177,1554,1710,162
2020-05-20,Brazil,PA,18929,1778,1752,224
2020-05-21,Brazil,PA,20532,1893,1603,115
2020-05-22,Brazil,PA,22697,2003,2165,110
2020-05-23,Brazil,PA,24125,2150,1428,147
2020-05-24,Brazil,PA,24815,2290,690,140
2020-05-25,Brazil,PA,27366,2431,2551,141
2020-05-26,Brazil,PA,29882,2522,2516,91
2020-05-27,Brazil,PA,31671,2605,1789,83
2020-05-28,Brazil,PA,35132,2785,3461,180
2020-05-29,Brazil,PA,37296,2900,2164,115
2020-05-30,Brazil,PA,37859,2920,563,20
2020-05-31,Brazil,PA,37961,2923,102,3
2020-06-01,Brazil,PA,40014,3019,2053,96
2020-06-02,Brazil,PA,43652,3144,3638,125
2020-06-03,Brazil,PA,46473,3245,2821,101
2020-06-04,Brazil,PA,49473,3492,3000,247
2020-06-05,Brazil,PA,53860,3665,4387,173
2020-06-06,Brazil,PA,53860,3665,0,0
2020-06-07,Brazil,PA,54271,3678,411,13
2020-06-08,Brazil,PA,57570,3835,3299,157
2020-06-09,Brazil,PA,60636,3898,3066,63
2020-06-10,Brazil,PA,63405,3980,2769,82
2020-06-11,Brazil,PA,65151,4090,1746,110
2020-06-12,Brazil,PA,66328,4132,1177,42
2020-06-13,Brazil,PA,68456,4191,2128,59
2020-06-14,Brazil,PA,69224,4201,768,10
2020-06-15,Brazil,PA,71243,4291,2019,90
2020-06-16,Brazil,PA,74192,4350,2949,59
2020-06-17,Brazil,PA,76623,4395,2431,45
2020-06-18,Brazil,PA,80072,4469,3449,74
2020-06-19,Brazil,PA,82881,4519,2809,50
2020-06-20,Brazil,PA,84654,4583,1773,64
2020-06-21,Brazil,PA,86020,4605,1366,22
2020-06-22,Brazil,PA,88636,4672,2616,67
2020-06-23,Brazil,PA,91708,4726,3072,54
2020-06-24,Brazil,PA,94036,4748,2328,22
2020-06-25,Brazil,PA,96472,4803,2436,55
2020-06-26,Brazil,PA,99313,4834,2841,31
2020-06-27,Brazil,PA,100443,4845,1130,11
2020-06-28,Brazil,PA,101207,4870,764,25
2020-06-29,Brazil,PA,103206,4920,1999,50
2020-06-30,Brazil,PA,105853,4960,2647,40
2020-07-01,Brazil,PA,108067,5004,2214,44
2020-07-02,Brazil,PA,110411,5050,2344,46
2020-07-03,Brazil,PA,112531,5069,2120,19
2020-07-04,Brazil,PA,113811,5096,1280,27
2020-07-05,Brazil,PA,114535,5105,724,9
2020-07-06,Brazil,PA,116152,5128,1617,23
2020-07-07,Brazil,PA,118744,5169,2592,41
2020-07-08,Brazil,PA,120731,5196,1987,27
2020-07-09,Brazil,PA,122674,5224,1943,28
2020-07-10,Brazil,PA,124934,5274,2260,50
2020-07-11,Brazil,PA,125714,5289,780,15
2020-07-12,Brazil,PA,126509,5293,795,4
2020-07-13,Brazil,PA,128570,5318,2061,25
2020-07-14,Brazil,PA,130834,5337,2264,19
2020-07-15,Brazil,PA,133039,5385,2205,48
2020-07-16,Brazil,PA,135164,5448,2125,63
2020-07-17,Brazil,PA,136947,5478,1783,30
2020-07-18,Brazil,PA,137484,5523,537,45
2020-07-19,Brazil,PA,138396,5538,912,15
2020-07-20,Brazil,PA,140393,5554,1997,16
2020-07-21,Brazil,PA,142358,5581,1965,27
2020-07-22,Brazil,PA,144467,5616,2109,35
2020-07-23,Brazil,PA,146252,5646,1785,30
2020-07-24,Brazil,PA,147923,5689,1671,43
2020-07-25,Brazil,PA,148463,5716,540,27
2020-07-26,Brazil,PA,148823,5729,360,13
2020-07-27,Brazil,PA,150616,5753,1793,24
2020-07-28,Brazil,PA,151849,5694,1233,-59
2020-07-29,Brazil,PA,153350,5699,1501,5
2020-07-30,Brazil,PA,154685,5728,1335,29
2020-07-31,Brazil,PA,156053,5750,1368,22
2020-08-01,Brazil,PA,156285,5773,232,23
2020-08-02,Brazil,PA,156505,5784,220,11
2020-08-03,Brazil,PA,158277,5799,1772,15
2020-08-04,Brazil,PA,160695,5818,2418,19
2020-08-05,Brazil,PA,162822,5835,2127,17
2020-08-06,Brazil,PA,164759,5854,1937,19
2020-08-07,Brazil,PA,167099,5871,2340,17
2020-08-08,Brazil,PA,167642,5885,543,14
2020-08-09,Brazil,PA,168151,5893,509,8
2020-08-10,Brazil,PA,169613,5901,1462,8
2020-08-11,Brazil,PA,171878,5909,2265,8
2020-08-12,Brazil,PA,173625,5917,1747,8
2020-08-13,Brazil,PA,175608,5924,1983,7
2020-08-14,Brazil,PA,177010,5932,1402,8
2020-08-15,Brazil,PA,177969,5940,959,8
2020-08-16,Brazil,PA,178375,5945,406,5
2020-08-17,Brazil,PA,180090,5975,1715,30
2020-08-18,Brazil,PA,182231,6015,2141,40
2020-08-19,Brazil,PA,184253,6027,2022,12
2020-08-20,Brazil,PA,186646,6037,2393,10
2020-08-21,Brazil,PA,188644,6047,1998,10
2020-08-22,Brazil,PA,189289,6057,645,10
2020-08-23,Brazil,PA,189582,6062,293,5
2020-08-24,Brazil,PA,191609,6078,2027,16
2020-08-25,Brazil,PA,193564,6097,1955,19
2020-08-26,Brazil,PA,195297,6102,1733,5
2020-08-27,Brazil,PA,196874,6106,1577,4
2020-08-28,Brazil,PA,198246,6109,1372,3
2020-08-29,Brazil,PA,199171,6115,925,6
2020-08-30,Brazil,PA,199556,6146,385,31
2020-08-31,Brazil,PA,200985,6176,1429,30
2020-09-01,Brazil,PA,202436,6201,1451,25
2020-09-02,Brazil,PA,203969,6215,1533,14
2020-09-03,Brazil,PA,205291,6228,1322,13
2020-09-04,Brazil,PA,206864,6240,1573,12
2020-09-05,Brazil,PA,207638,6249,774,9
2020-09-06,Brazil,PA,208259,6257,621,8
2020-09-07,Brazil,PA,208560,6269,301,12
2020-09-08,Brazil,PA,209808,6280,1248,11
2020-09-09,Brazil,PA,211061,6289,1253,9
2020-09-10,Brazil,PA,212428,6299,1367,10
2020-09-11,Brazil,PA,213655,6307,1227,8
2020-09-12,Brazil,PA,214376,6344,721,37
2020-09-13,Brazil,PA,214806,6368,430,24
2020-09-14,Brazil,PA,216318,6387,1512,19
2020-09-15,Brazil,PA,217500,6405,1182,18
2020-09-16,Brazil,PA,218458,6421,958,16
2020-09-17,Brazil,PA,219220,6438,762,17
2020-09-18,Brazil,PA,220205,6451,985,13
2020-09-19,Brazil,PA,220519,6460,314,9
2020-09-20,Brazil,PA,220775,6468,256,8
2020-09-21,Brazil,PA,221639,6477,864,9
2020-09-22,Brazil,PA,223021,6489,1382,12
2020-09-23,Brazil,PA,224302,6502,1281,13
2020-09-24,Brazil,PA,225624,6514,1322,12
2020-09-25,Brazil,PA,226826,6534,1202,20
2020-09-26,Brazil,PA,227756,6546,930,12
2020-09-27,Brazil,PA,228068,6551,312,5
2020-09-28,Brazil,PA,229175,6560,1107,9
2020-09-29,Brazil,PA,230449,6573,1274,13
2020-09-30,Brazil,PA,231743,6582,1294,9
2020-10-01,Brazil,PA,232803,6585,1060,3
2020-10-02,Brazil,PA,233802,6593,999,8
2020-10-03,Brazil,PA,234033,6600,231,7
2020-10-04,Brazil,PA,234129,6606,96,6
2020-10-05,Brazil,PA,234884,6614,755,8
2020-10-06,Brazil,PA,235948,6623,1064,9
2020-10-07,Brazil,PA,236830,6629,882,6
2020-10-08,Brazil,PA,237478,6636,648,7
2020-10-09,Brazil,PA,237925,6645,447,9
2020-10-10,Brazil,PA,237938,6654,13,9
2020-10-11,Brazil,PA,237958,6656,20,2
2020-10-12,Brazil,PA,237996,6657,38,1
2020-10-13,Brazil,PA,238835,6661,839,4
2020-10-14,Brazil,PA,239519,6667,684,6
2020-10-15,Brazil,PA,240223,6670,704,3
2020-10-16,Brazil,PA,240966,6676,743,6
2020-10-17,Brazil,PA,241242,6677,276,1
2020-10-18,Brazil,PA,241262,6682,20,5
2020-10-19,Brazil,PA,242129,6686,867,4
2020-10-20,Brazil,PA,243118,6690,989,4
2020-10-21,Brazil,PA,244229,6697,1111,7
2020-10-22,Brazil,PA,245278,6704,1049,7
2020-10-23,Brazil,PA,246605,6717,1327,13
2020-10-24,Brazil,PA,247388,6722,783,5
2020-10-25,Brazil,PA,248024,6725,636,3
2020-10-26,Brazil,PA,249235,6729,1211,4
2020-10-27,Brazil,PA,250336,6733,1101,4
2020-10-28,Brazil,PA,251292,6736,956,3
2020-10-29,Brazil,PA,252389,6738,1097,2
2020-10-30,Brazil,PA,252919,6743,530,5
2020-10-31,Brazil,PA,253080,6751,161,8
2020-11-01,Brazil,PA,253229,6758,149,7
2020-11-02,Brazil,PA,253449,6762,220,4
2020-11-03,Brazil,PA,254384,6767,935,5
2020-11-04,Brazil,PA,255369,6773,985,6
2020-11-05,Brazil,PA,256139,6779,770,6
2020-11-06,Brazil,PA,256898,6784,759,5
2020-11-07,Brazil,PA,257170,6790,272,6
2020-11-08,Brazil,PA,257372,6795,202,5
2020-11-09,Brazil,PA,258311,6799,939,4
2020-11-10,Brazil,PA,259189,6802,878,3
2020-11-11,Brazil,PA,260058,6806,869,4
2020-11-12,Brazil,PA,261131,6808,1073,2
2020-11-13,Brazil,PA,261534,6817,403,9
2020-11-14,Brazil,PA,261788,6827,254,10
2020-11-15,Brazil,PA,261899,6832,111,5
2020-11-16,Brazil,PA,262345,6838,446,6
2020-11-17,Brazil,PA,263155,6844,810,6
2020-11-18,Brazil,PA,263935,6851,780,7
2020-11-19,Brazil,PA,264810,6855,875,4
2020-11-20,Brazil,PA,265562,6861,752,6
2020-11-21,Brazil,PA,266008,6865,446,4
2020-11-22,Brazil,PA,266273,6871,265,6
2020-11-23,Brazil,PA,266780,6875,507,4
2020-11-24,Brazil,PA,267700,6880,920,5
2020-11-25,Brazil,PA,268524,6884,824,4
2020-11-26,Brazil,PA,269057,6892,533,8
2020-11-27,Brazil,PA,269870,6901,813,9
2020-11-28,Brazil,PA,270368,6907,498,6
2020-11-29,Brazil,PA,270548,6915,180,8
2020-11-30,Brazil,PA,271228,6918,680,3
2020-12-01,Brazil,PA,272125,6927,897,9
2020-12-02,Brazil,PA,273126,6933,1001,6
2020-12-03,Brazil,PA,273753,6939,627,6
2020-12-04,Brazil,PA,274545,6944,792,5
2020-12-05,Brazil,PA,275049,6950,504,6
2020-12-06,Brazil,PA,275551,6954,502,4
2020-12-07,Brazil,PA,276221,6959,670,5
2020-12-08,Brazil,PA,277020,6963,799,4
2020-12-09,Brazil,PA,278066,6972,1046,9
2020-12-10,Brazil,PA,278858,6980,792,8
2020-12-11,Brazil,PA,279600,6989,742,9
2020-12-12,Brazil,PA,280272,6998,672,9
2020-12-13,Brazil,PA,280714,7003,442,5
2020-12-14,Brazil,PA,281667,7013,953,10
2020-12-15,Brazil,PA,282719,7018,1052,5
2020-12-16,Brazil,PA,283839,7035,1120,17
2020-12-17,Brazil,PA,284774,7042,935,7
2020-12-18,Brazil,PA,285632,7051,858,9
2020-12-19,Brazil,PA,286130,7057,498,6
2020-12-20,Brazil,PA,286616,7063,486,6
2020-12-21,Brazil,PA,287535,7069,919,6
2020-12-22,Brazil,PA,288465,7078,930,9
2020-12-23,Brazil,PA,289348,7095,883,17
2020-12-24,Brazil,PA,289777,7108,429,13
2020-12-25,Brazil,PA,289795,7124,18,16
2020-12-26,Brazil,PA,290326,7130,531,6
2020-12-27,Brazil,PA,290821,7142,495,12
2020-12-28,Brazil,PA,291907,7149,1086,7
2020-12-29,Brazil,PA,292712,7169,805,20
2020-12-30,Brazil,PA,293540,7188,828,19
2020-12-31,Brazil,PA,293802,7199,262,11
2021-01-01,Brazil,PA,293807,7209,5,10
2021-01-02,Brazil,PA,294010,7217,203,8
2021-01-03,Brazil,PA,294224,7223,214,6
2021-01-04,Brazil,PA,295439,7235,1215,12
2021-01-05,Brazil,PA,296752,7247,1313,12
2021-01-06,Brazil,PA,297974,7263,1222,16
2021-01-07,Brazil,PA,299045,7280,1071,17
2021-01-08,Brazil,PA,300454,7292,1409,12
2021-01-09,Brazil,PA,301501,7304,1047,12
2021-01-10,Brazil,PA,302125,7315,624,11
2021-01-11,Brazil,PA,303512,7339,1387,24
2021-01-12,Brazil,PA,305012,7349,1500,10
2021-01-13,Brazil,PA,306029,7366,1017,17
2021-01-14,Brazil,PA,307520,7376,1491,10
2021-01-15,Brazil,PA,308936,7388,1416,12
2021-01-16,Brazil,PA,309526,7397,590,9
2021-01-17,Brazil,PA,309816,7412,290,15
2021-01-18,Brazil,PA,311063,7427,1247,15
2021-01-19,Brazil,PA,312632,7434,1569,7
2021-01-20,Brazil,PA,314119,7458,1487,24
2021-01-21,Brazil,PA,316176,7470,2057,12
2021-01-22,Brazil,PA,317876,7487,1700,17
2021-01-23,Brazil,PA,318777,7499,901,12
2021-01-24,Brazil,PA,319545,7530,768,31
2021-01-25,Brazil,PA,320894,7544,1349,14
2021-01-26,Brazil,PA,323290,7552,2396,8
2021-01-27,Brazil,PA,325562,7564,2272,12
2021-01-28,Brazil,PA,327281,7578,1719,14
2021-01-29,Brazil,PA,328800,7618,1519,40
2021-01-30,Brazil,PA,329306,7636,506,18
2021-01-31,Brazil,PA,329486,7655,180,19
2021-02-01,Brazil,PA,331163,7669,1677,14
2021-02-02,Brazil,PA,333052,7685,1889,16
2021-02-03,Brazil,PA,334704,7695,1652,10
2021-02-04,Brazil,PA,336453,7717,1749,22
2021-02-05,Brazil,PA,338047,7762,1594,45
2021-02-06,Brazil,PA,338670,7807,623,45
2021-02-07,Brazil,PA,339273,7824,603,17
2021-02-08,Brazil,PA,341050,7854,1777,30
2021-02-09,Brazil,PA,342482,7864,1432,10
2021-02-10,Brazil,PA,344363,7874,1881,10
2021-02-11,Brazil,PA,346146,7924,1783,50
2021-02-12,Brazil,PA,347500,7984,1354,60
2021-02-13,Brazil,PA,347963,7999,463,15
2021-02-14,Brazil,PA,348448,8019,485,20
2021-02-15,Brazil,PA,349671,8064,1223,45
2021-02-16,Brazil,PA,350338,8074,667,10
2021-02-17,Brazil,PA,351472,8087,1134,13
2021-02-18,Brazil,PA,353036,8163,1564,76
2021-02-19,Brazil,PA,354587,8266,1551,103
2021-02-20,Brazil,PA,355128,8278,541,12
2021-02-21,Brazil,PA,355745,8322,617,44
2021-02-22,Brazil,PA,357595,8353,1850,31
2021-02-23,Brazil,PA,359289,8383,1694,30
2021-02-24,Brazil,PA,360629,8435,1340,52
2021-02-25,Brazil,PA,362488,8519,1859,84
2021-02-26,Brazil,PA,363916,8577,1428,58
2021-02-27,Brazil,PA,364643,8591,727,14
2021-02-28,Brazil,PA,365411,8643,768,52
2021-03-01,Brazil,PA,366613,8675,1202,32
2021-03-02,Brazil,PA,368310,8709,1697,34
2021-03-03,Brazil,PA,369880,8757,1570,48
2021-03-04,Brazil,PA,371227,8819,1347,62
2021-03-05,Brazil,PA,372488,8875,1261,56
2021-03-06,Brazil,PA,373041,8930,553,55
2021-03-07,Brazil,PA,373643,8968,602,38
2021-03-08,Brazil,PA,374931,9008,1288,40
2021-03-09,Brazil,PA,377051,9084,2120,76
2021-03-10,Brazil,PA,379196,9171,2145,87
2021-03-11,Brazil,PA,380924,9244,1728,73
2021-03-12,Brazil,PA,382212,9290,1288,46
2021-03-13,Brazil,PA,382872,9329,660,39
2021-03-14,Brazil,PA,383704,9374,832,45
2021-03-15,Brazil,PA,385536,9427,1832,53
2021-03-16,Brazil,PA,387960,9499,2424,72
2021-03-17,Brazil,PA,390874,9634,2914,135
2021-03-18,Brazil,PA,393675,9682,2801,48
2021-03-19,Brazil,PA,396302,9742,2627,60
2021-03-20,Brazil,PA,397224,9796,922,54
2021-03-21,Brazil,PA,397829,9837,605,41
2021-03-22,Brazil,PA,400523,9899,2694,62
2021-03-23,Brazil,PA,403353,9971,2830,72
2021-03-24,Brazil,PA,406050,10011,2697,40
2021-03-25,Brazil,PA,408908,10111,2858,100
2021-03-26,Brazil,PA,411363,10192,2455,81
2021-03-27,Brazil,PA,412122,10252,759,60
2021-03-28,Brazil,PA,412742,10313,620,61
2021-03-29,Brazil,PA,414986,10375,2244,62
2021-03-30,Brazil,PA,417523,10426,2537,51
2021-03-31,Brazil,PA,420372,10503,2849,77
2021-04-01,Brazil,PA,421966,10619,1594,116
2021-04-02,Brazil,PA,422442,10693,476,74
2021-04-03,Brazil,PA,422995,10727,553,34
2021-04-04,Brazil,PA,423691,10778,696,51
2021-04-05,Brazil,PA,426204,10825,2513,47
2021-04-06,Brazil,PA,428880,10880,2676,55
2021-04-07,Brazil,PA,431636,10975,2756,95
