date,country,state,accumulated_num_cases,accumulated_num_deaths,new_num_cases,new_num_deaths
2020-02-25,Brazil,SC,0,0,0,0
2020-02-26,Brazil,SC,0,0,0,0
2020-02-27,Brazil,SC,0,0,0,0
2020-02-28,Brazil,SC,0,0,0,0
2020-02-29,Brazil,SC,0,0,0,0
2020-03-01,Brazil,SC,0,0,0,0
2020-03-02,Brazil,SC,0,0,0,0
2020-03-03,Brazil,SC,0,0,0,0
2020-03-04,Brazil,SC,0,0,0,0
2020-03-05,Brazil,SC,0,0,0,0
2020-03-06,Brazil,SC,0,0,0,0
2020-03-07,Brazil,SC,0,0,0,0
2020-03-08,Brazil,SC,0,0,0,0
2020-03-09,Brazil,SC,0,0,0,0
2020-03-10,Brazil,SC,0,0,0,0
2020-03-11,Brazil,SC,0,0,0,0
2020-03-12,Brazil,SC,2,0,2,0
2020-03-13,Brazil,SC,3,0,1,0
2020-03-14,Brazil,SC,5,0,2,0
2020-03-15,Brazil,SC,6,0,1,0
2020-03-16,Brazil,SC,7,0,1,0
2020-03-17,Brazil,SC,7,0,0,0
2020-03-18,Brazil,SC,14,0,7,0
2020-03-19,Brazil,SC,21,0,7,0
2020-03-20,Brazil,SC,40,0,19,0
2020-03-21,Brazil,SC,57,0,17,0
2020-03-22,Brazil,SC,68,0,11,0
2020-03-23,Brazil,SC,86,0,18,0
2020-03-24,Brazil,SC,109,0,23,0
2020-03-25,Brazil,SC,122,0,13,0
2020-03-26,Brazil,SC,149,1,27,1
2020-03-27,Brazil,SC,163,1,14,0
2020-03-28,Brazil,SC,184,1,21,0
2020-03-29,Brazil,SC,197,1,13,0
2020-03-30,Brazil,SC,219,2,22,1
2020-03-31,Brazil,SC,235,2,16,0
2020-04-01,Brazil,SC,247,2,12,0
2020-04-02,Brazil,SC,281,5,34,3
2020-04-03,Brazil,SC,301,5,20,0
2020-04-04,Brazil,SC,356,10,55,5
2020-04-05,Brazil,SC,379,10,23,0
2020-04-06,Brazil,SC,417,11,38,1
2020-04-07,Brazil,SC,457,15,40,4
2020-04-08,Brazil,SC,501,17,44,2
2020-04-09,Brazil,SC,693,18,192,1
2020-04-10,Brazil,SC,717,18,24,0
2020-04-11,Brazil,SC,732,21,15,3
2020-04-12,Brazil,SC,776,24,44,3
2020-04-13,Brazil,SC,826,26,50,2
2020-04-14,Brazil,SC,853,28,27,2
2020-04-15,Brazil,SC,884,29,31,1
2020-04-16,Brazil,SC,926,30,42,1
2020-04-17,Brazil,SC,962,31,36,1
2020-04-18,Brazil,SC,975,32,13,1
2020-04-19,Brazil,SC,1025,35,50,3
2020-04-20,Brazil,SC,1063,35,38,0
2020-04-21,Brazil,SC,1091,37,28,2
2020-04-22,Brazil,SC,1115,39,24,2
2020-04-23,Brazil,SC,1170,42,55,3
2020-04-24,Brazil,SC,1209,42,39,0
2020-04-25,Brazil,SC,1235,42,26,0
2020-04-26,Brazil,SC,1337,43,102,1
2020-04-27,Brazil,SC,1476,44,139,1
2020-04-28,Brazil,SC,1995,44,519,0
2020-04-29,Brazil,SC,2085,46,90,2
2020-04-30,Brazil,SC,2394,48,309,2
2020-05-01,Brazil,SC,2104,50,-290,2
2020-05-02,Brazil,SC,2346,52,242,2
2020-05-03,Brazil,SC,2519,52,173,0
2020-05-04,Brazil,SC,2623,55,104,3
2020-05-05,Brazil,SC,2795,58,172,3
2020-05-06,Brazil,SC,2917,59,122,1
2020-05-07,Brazil,SC,3082,63,165,4
2020-05-08,Brazil,SC,3205,63,123,0
2020-05-09,Brazil,SC,3372,64,167,1
2020-05-10,Brazil,SC,3429,65,57,1
2020-05-11,Brazil,SC,3529,69,100,4
2020-05-12,Brazil,SC,3733,73,204,4
2020-05-13,Brazil,SC,3828,73,95,0
2020-05-14,Brazil,SC,4332,78,504,5
2020-05-15,Brazil,SC,4562,79,230,1
2020-05-16,Brazil,SC,4678,81,116,2
2020-05-17,Brazil,SC,4776,83,98,2
2020-05-18,Brazil,SC,5175,85,399,2
2020-05-19,Brazil,SC,5413,91,238,6
2020-05-20,Brazil,SC,5499,94,86,3
2020-05-21,Brazil,SC,5610,98,111,4
2020-05-22,Brazil,SC,6458,100,848,2
2020-05-23,Brazil,SC,6607,103,149,3
2020-05-24,Brazil,SC,6696,105,89,2
2020-05-25,Brazil,SC,6875,109,179,4
2020-05-26,Brazil,SC,7016,121,141,12
2020-05-27,Brazil,SC,7372,126,356,5
2020-05-28,Brazil,SC,8000,131,628,5
2020-05-29,Brazil,SC,8530,134,530,3
2020-05-30,Brazil,SC,8780,136,250,2
2020-05-31,Brazil,SC,9037,143,257,7
2020-06-01,Brazil,SC,9498,146,461,3
2020-06-02,Brazil,SC,9660,148,162,2
2020-06-03,Brazil,SC,10034,152,374,4
2020-06-04,Brazil,SC,10532,156,498,4
2020-06-05,Brazil,SC,10846,159,314,3
2020-06-06,Brazil,SC,11285,166,439,7
2020-06-07,Brazil,SC,11565,171,280,5
2020-06-08,Brazil,SC,11742,177,177,6
2020-06-09,Brazil,SC,12192,179,450,2
2020-06-10,Brazil,SC,12594,184,402,5
2020-06-11,Brazil,SC,12953,186,359,2
2020-06-12,Brazil,SC,13165,191,212,5
2020-06-13,Brazil,SC,13296,193,131,2
2020-06-14,Brazil,SC,13360,195,64,2
2020-06-15,Brazil,SC,13960,199,600,4
2020-06-16,Brazil,SC,14402,212,442,13
2020-06-17,Brazil,SC,15015,216,613,4
2020-06-18,Brazil,SC,15573,222,558,6
2020-06-19,Brazil,SC,16332,234,759,12
2020-06-20,Brazil,SC,17108,237,776,3
2020-06-21,Brazil,SC,17582,246,474,9
2020-06-22,Brazil,SC,17937,256,355,10
2020-06-23,Brazil,SC,19244,263,1307,7
2020-06-24,Brazil,SC,20921,279,1677,16
2020-06-25,Brazil,SC,21951,289,1030,10
2020-06-26,Brazil,SC,22947,298,996,9
2020-06-27,Brazil,SC,23808,304,861,6
2020-06-28,Brazil,SC,24364,312,556,8
2020-06-29,Brazil,SC,25056,324,692,12
2020-06-30,Brazil,SC,26354,341,1298,17
2020-07-01,Brazil,SC,27279,347,925,6
2020-07-02,Brazil,SC,28575,362,1296,15
2020-07-03,Brazil,SC,30261,376,1686,14
2020-07-04,Brazil,SC,31931,383,1670,7
2020-07-05,Brazil,SC,32969,393,1038,10
2020-07-06,Brazil,SC,33822,406,853,13
2020-07-07,Brazil,SC,35343,420,1521,14
2020-07-08,Brazil,SC,36810,432,1467,12
2020-07-09,Brazil,SC,38408,447,1598,15
2020-07-10,Brazil,SC,40106,459,1698,12
2020-07-11,Brazil,SC,42026,485,1920,26
2020-07-12,Brazil,SC,43031,497,1005,12
2020-07-13,Brazil,SC,43815,517,784,20
2020-07-14,Brazil,SC,46050,534,2235,17
2020-07-15,Brazil,SC,47976,569,1926,35
2020-07-16,Brazil,SC,49781,588,1805,19
2020-07-17,Brazil,SC,51549,646,1768,58
2020-07-18,Brazil,SC,52531,662,982,16
2020-07-19,Brazil,SC,53336,685,805,23
2020-07-20,Brazil,SC,54414,694,1078,9
2020-07-21,Brazil,SC,56475,738,2061,44
2020-07-22,Brazil,SC,59556,765,3081,27
2020-07-23,Brazil,SC,62282,812,2726,47
2020-07-24,Brazil,SC,65017,844,2735,32
2020-07-25,Brazil,SC,67333,880,2316,36
2020-07-26,Brazil,SC,68730,907,1397,27
2020-07-27,Brazil,SC,70138,924,1408,17
2020-07-28,Brazil,SC,73771,960,3633,36
2020-07-29,Brazil,SC,77001,1002,3230,42
2020-07-30,Brazil,SC,80904,1043,3903,41
2020-07-31,Brazil,SC,84073,1102,3169,59
2020-08-01,Brazil,SC,86922,1154,2849,52
2020-08-02,Brazil,SC,87982,1175,1060,21
2020-08-03,Brazil,SC,88889,1196,907,21
2020-08-04,Brazil,SC,92157,1235,3268,39
2020-08-05,Brazil,SC,95410,1306,3253,71
2020-08-06,Brazil,SC,98634,1357,3224,51
2020-08-07,Brazil,SC,101582,1400,2948,43
2020-08-08,Brazil,SC,104749,1419,3167,19
2020-08-09,Brazil,SC,105935,1445,1186,26
2020-08-10,Brazil,SC,106928,1541,993,96
2020-08-11,Brazil,SC,109522,1619,2594,78
2020-08-12,Brazil,SC,112401,1637,2879,18
2020-08-13,Brazil,SC,115032,1696,2631,59
2020-08-14,Brazil,SC,118183,1742,3151,46
2020-08-15,Brazil,SC,120001,1767,1818,25
2020-08-16,Brazil,SC,120880,1797,879,30
2020-08-17,Brazil,SC,121666,1839,786,42
2020-08-18,Brazil,SC,124313,1883,2647,44
2020-08-19,Brazil,SC,126850,1918,2537,35
2020-08-20,Brazil,SC,129072,1960,2222,42
2020-08-21,Brazil,SC,130349,1995,1277,35
2020-08-22,Brazil,SC,132008,2027,1659,32
2020-08-23,Brazil,SC,132492,2042,484,15
2020-08-24,Brazil,SC,133533,2066,1041,24
2020-08-25,Brazil,SC,135690,2116,2157,50
2020-08-26,Brazil,SC,137560,2142,1870,26
2020-08-27,Brazil,SC,139638,2170,2078,28
2020-08-28,Brazil,SC,141692,2193,2054,23
2020-08-29,Brazil,SC,146404,2218,4712,25
2020-08-30,Brazil,SC,146864,2235,460,17
2020-08-31,Brazil,SC,177777,2260,30913,25
2020-09-01,Brazil,SC,180474,2301,2697,41
2020-09-02,Brazil,SC,182522,2325,2048,24
2020-09-03,Brazil,SC,184204,2352,1682,27
2020-09-04,Brazil,SC,186596,2376,2392,24
2020-09-05,Brazil,SC,188361,2400,1765,24
2020-09-06,Brazil,SC,189028,2405,667,5
2020-09-07,Brazil,SC,189477,2422,449,17
2020-09-08,Brazil,SC,190397,2442,920,20
2020-09-09,Brazil,SC,192982,2460,2585,18
2020-09-10,Brazil,SC,194176,2483,1194,23
2020-09-11,Brazil,SC,195701,2497,1525,14
2020-09-12,Brazil,SC,197064,2515,1363,18
2020-09-13,Brazil,SC,197745,2529,681,14
2020-09-14,Brazil,SC,198640,2543,895,14
2020-09-15,Brazil,SC,200241,2569,1601,26
2020-09-16,Brazil,SC,201682,2593,1441,24
2020-09-17,Brazil,SC,202934,2609,1252,16
2020-09-18,Brazil,SC,204166,2627,1232,18
2020-09-19,Brazil,SC,205250,2635,1084,8
2020-09-20,Brazil,SC,205620,2639,370,4
2020-09-21,Brazil,SC,206332,2656,712,17
2020-09-22,Brazil,SC,207692,2671,1360,15
2020-09-23,Brazil,SC,208900,2686,1208,15
2020-09-24,Brazil,SC,210048,2704,1148,18
2020-09-25,Brazil,SC,211105,2723,1057,19
2020-09-26,Brazil,SC,212091,2736,986,13
2020-09-27,Brazil,SC,212584,2747,493,11
2020-09-28,Brazil,SC,213066,2765,482,18
2020-09-29,Brazil,SC,214261,2786,1195,21
2020-09-30,Brazil,SC,215478,2797,1217,11
2020-10-01,Brazil,SC,216624,2821,1146,24
2020-10-02,Brazil,SC,217722,2830,1098,9
2020-10-03,Brazil,SC,218633,2842,911,12
2020-10-04,Brazil,SC,219218,2847,585,5
2020-10-05,Brazil,SC,220044,2858,826,11
2020-10-06,Brazil,SC,221442,2872,1398,14
2020-10-07,Brazil,SC,222652,2880,1210,8
2020-10-08,Brazil,SC,224103,2892,1451,12
2020-10-09,Brazil,SC,225637,2893,1534,1
2020-10-10,Brazil,SC,226614,2908,977,15
2020-10-11,Brazil,SC,227213,2917,599,9
2020-10-12,Brazil,SC,228008,2918,795,1
2020-10-13,Brazil,SC,228403,2927,395,9
2020-10-14,Brazil,SC,229910,2940,1507,13
2020-10-15,Brazil,SC,231412,2952,1502,12
2020-10-16,Brazil,SC,232933,2962,1521,10
2020-10-17,Brazil,SC,234765,2966,1832,4
2020-10-18,Brazil,SC,235159,2967,394,1
2020-10-19,Brazil,SC,236224,2976,1065,9
2020-10-20,Brazil,SC,237781,2991,1557,15
2020-10-21,Brazil,SC,238833,2998,1052,7
2020-10-22,Brazil,SC,241044,3011,2211,13
2020-10-23,Brazil,SC,243116,3015,2072,4
2020-10-24,Brazil,SC,244978,3024,1862,9
2020-10-25,Brazil,SC,246086,3028,1108,4
2020-10-26,Brazil,SC,247477,3041,1391,13
2020-10-27,Brazil,SC,249899,3059,2422,18
2020-10-28,Brazil,SC,252551,3068,2652,9
2020-10-29,Brazil,SC,254488,3077,1937,9
2020-10-30,Brazil,SC,256356,3094,1868,17
2020-10-31,Brazil,SC,258940,3114,2584,20
2020-11-01,Brazil,SC,260057,3122,1117,8
2020-11-02,Brazil,SC,261543,3129,1486,7
2020-11-03,Brazil,SC,263823,3139,2280,10
2020-11-04,Brazil,SC,266637,3163,2814,24
2020-11-05,Brazil,SC,268644,3173,2007,10
2020-11-06,Brazil,SC,270795,3195,2151,22
2020-11-07,Brazil,SC,273652,3202,2857,7
2020-11-08,Brazil,SC,274621,3211,969,9
2020-11-09,Brazil,SC,275655,3231,1034,20
2020-11-10,Brazil,SC,280541,3243,4886,12
2020-11-11,Brazil,SC,283252,3268,2711,25
2020-11-12,Brazil,SC,284982,3282,1730,14
2020-11-13,Brazil,SC,289787,3298,4805,16
2020-11-14,Brazil,SC,293802,3309,4015,11
2020-11-15,Brazil,SC,295946,3318,2144,9
2020-11-16,Brazil,SC,297400,3330,1454,12
2020-11-17,Brazil,SC,302578,3370,5178,40
2020-11-18,Brazil,SC,306788,3384,4210,14
2020-11-19,Brazil,SC,311393,3405,4605,21
2020-11-20,Brazil,SC,317502,3435,6109,30
2020-11-21,Brazil,SC,323390,3459,5888,24
2020-11-22,Brazil,SC,326208,3471,2818,12
2020-11-23,Brazil,SC,327961,3494,1753,23
2020-11-24,Brazil,SC,332076,3530,4115,36
2020-11-25,Brazil,SC,337009,3561,4933,31
2020-11-26,Brazil,SC,343007,3608,5998,47
2020-11-27,Brazil,SC,346427,3667,3420,59
2020-11-28,Brazil,SC,355950,3701,9523,34
2020-11-29,Brazil,SC,358997,3721,3047,20
2020-11-30,Brazil,SC,364344,3762,5347,41
2020-12-01,Brazil,SC,372545,3809,8201,47
2020-12-02,Brazil,SC,378621,3855,6076,46
2020-12-03,Brazil,SC,383577,3898,4956,43
2020-12-04,Brazil,SC,389751,3939,6174,41
2020-12-05,Brazil,SC,393602,3980,3851,41
2020-12-06,Brazil,SC,396188,4011,2586,31
2020-12-07,Brazil,SC,399691,4041,3503,30
2020-12-08,Brazil,SC,406003,4132,6312,91
2020-12-09,Brazil,SC,411631,4183,5628,51
2020-12-10,Brazil,SC,416752,4224,5121,41
2020-12-11,Brazil,SC,421044,4284,4292,60
2020-12-12,Brazil,SC,426095,4334,5051,50
2020-12-13,Brazil,SC,427401,4365,1306,31
2020-12-14,Brazil,SC,432050,4420,4649,55
2020-12-15,Brazil,SC,435547,4504,3497,84
2020-12-16,Brazil,SC,442624,4517,7077,13
2020-12-17,Brazil,SC,448162,4598,5538,81
2020-12-18,Brazil,SC,453322,4652,5160,54
2020-12-19,Brazil,SC,457335,4668,4013,16
2020-12-20,Brazil,SC,461244,4706,3909,38
2020-12-21,Brazil,SC,463732,4771,2488,65
2020-12-22,Brazil,SC,468403,4836,4671,65
2020-12-23,Brazil,SC,472199,4885,3796,49
2020-12-24,Brazil,SC,475200,4939,3001,54
2020-12-25,Brazil,SC,476681,4973,1481,34
2020-12-26,Brazil,SC,478242,5007,1561,34
2020-12-27,Brazil,SC,479947,5039,1705,32
2020-12-28,Brazil,SC,482129,5082,2182,43
2020-12-29,Brazil,SC,485935,5161,3806,79
2020-12-30,Brazil,SC,489069,5206,3134,45
2020-12-31,Brazil,SC,492583,5253,3514,47
2021-01-01,Brazil,SC,494447,5270,1864,17
2021-01-02,Brazil,SC,496524,5294,2077,24
2021-01-03,Brazil,SC,497345,5314,821,20
2021-01-04,Brazil,SC,498910,5376,1565,62
2021-01-05,Brazil,SC,502785,5420,3875,44
2021-01-06,Brazil,SC,506897,5482,4112,62
2021-01-07,Brazil,SC,511329,5522,4432,40
2021-01-08,Brazil,SC,515209,5584,3880,62
2021-01-09,Brazil,SC,518805,5611,3596,27
2021-01-10,Brazil,SC,520577,5637,1772,26
2021-01-11,Brazil,SC,522478,5677,1901,40
2021-01-12,Brazil,SC,526024,5707,3546,30
2021-01-13,Brazil,SC,529389,5765,3365,58
2021-01-14,Brazil,SC,533338,5794,3949,29
2021-01-15,Brazil,SC,537036,5836,3698,42
2021-01-16,Brazil,SC,540342,5867,3306,31
2021-01-17,Brazil,SC,541745,5886,1403,19
2021-01-18,Brazil,SC,543389,5919,1644,33
2021-01-19,Brazil,SC,546522,5969,3133,50
2021-01-20,Brazil,SC,549579,5988,3057,19
2021-01-21,Brazil,SC,552310,6036,2731,48
2021-01-22,Brazil,SC,555148,6061,2838,25
2021-01-23,Brazil,SC,557774,6097,2626,36
2021-01-24,Brazil,SC,558975,6124,1201,27
2021-01-25,Brazil,SC,561382,6163,2407,39
2021-01-26,Brazil,SC,564163,6205,2781,42
2021-01-27,Brazil,SC,567112,6228,2949,23
2021-01-28,Brazil,SC,569676,6264,2564,36
2021-01-29,Brazil,SC,573104,6298,3428,34
2021-01-30,Brazil,SC,575616,6325,2512,27
2021-01-31,Brazil,SC,576815,6340,1199,15
2021-02-01,Brazil,SC,578550,6363,1735,23
2021-02-02,Brazil,SC,581352,6416,2802,53
2021-02-03,Brazil,SC,584537,6445,3185,29
2021-02-04,Brazil,SC,587428,6466,2891,21
2021-02-05,Brazil,SC,590449,6490,3021,24
2021-02-06,Brazil,SC,593172,6510,2723,20
2021-02-07,Brazil,SC,594747,6524,1575,14
2021-02-08,Brazil,SC,595952,6557,1205,33
2021-02-09,Brazil,SC,598737,6601,2785,44
2021-02-10,Brazil,SC,601833,6626,3096,25
2021-02-11,Brazil,SC,605183,6650,3350,24
2021-02-12,Brazil,SC,608544,6686,3361,36
2021-02-13,Brazil,SC,611299,6716,2755,30
2021-02-14,Brazil,SC,613164,6727,1865,11
2021-02-15,Brazil,SC,615441,6746,2277,19
2021-02-16,Brazil,SC,619198,6778,3757,32
2021-02-17,Brazil,SC,622727,6804,3529,26
2021-02-18,Brazil,SC,627386,6844,4659,40
2021-02-19,Brazil,SC,631868,6891,4482,47
2021-02-20,Brazil,SC,636445,6929,4577,38
2021-02-21,Brazil,SC,638984,6961,2539,32
2021-02-22,Brazil,SC,641840,6988,2856,27
2021-02-23,Brazil,SC,648017,7044,6177,56
2021-02-24,Brazil,SC,652895,7114,4878,70
2021-02-25,Brazil,SC,657649,7165,4754,51
2021-02-26,Brazil,SC,663699,7242,6050,77
2021-02-27,Brazil,SC,668811,7314,5112,72
2021-02-28,Brazil,SC,670603,7358,1792,44
2021-03-01,Brazil,SC,675577,7438,4974,80
2021-03-02,Brazil,SC,681391,7524,5814,86
2021-03-03,Brazil,SC,688600,7618,7209,94
2021-03-04,Brazil,SC,694274,7709,5674,91
2021-03-05,Brazil,SC,700127,7816,5853,107
2021-03-06,Brazil,SC,705760,7894,5633,78
2021-03-07,Brazil,SC,707501,7964,1741,70
2021-03-08,Brazil,SC,709077,8062,1576,98
2021-03-09,Brazil,SC,712063,8170,2986,108
2021-03-10,Brazil,SC,711953,8277,-110,107
2021-03-11,Brazil,SC,717454,8377,5501,100
2021-03-12,Brazil,SC,724107,8502,6653,125
2021-03-13,Brazil,SC,728567,8615,4460,113
2021-03-14,Brazil,SC,730968,8695,2401,80
2021-03-15,Brazil,SC,733309,8791,2341,96
2021-03-16,Brazil,SC,740856,8958,7547,167
2021-03-17,Brazil,SC,746620,9121,5764,163
2021-03-18,Brazil,SC,752060,9247,5440,126
2021-03-19,Brazil,SC,757007,9381,4947,134
2021-03-20,Brazil,SC,761196,9471,4189,90
2021-03-21,Brazil,SC,764299,9539,3103,68
2021-03-22,Brazil,SC,767652,9651,3353,112
2021-03-23,Brazil,SC,774409,9833,6757,182
2021-03-24,Brazil,SC,778711,9921,4302,88
2021-03-25,Brazil,SC,786197,10108,7486,187
2021-03-26,Brazil,SC,790362,10318,4165,210
2021-03-27,Brazil,SC,793856,10419,3494,101
2021-03-28,Brazil,SC,795391,10482,1535,63
2021-03-29,Brazil,SC,798076,10594,2685,112
2021-03-30,Brazil,SC,802998,10752,4922,158
2021-03-31,Brazil,SC,806929,10885,3931,133
2021-04-01,Brazil,SC,810787,11023,3858,138
2021-04-02,Brazil,SC,813871,11125,3084,102
2021-04-03,Brazil,SC,815113,11189,1242,64
2021-04-04,Brazil,SC,816540,11243,1427,54
2021-04-05,Brazil,SC,817884,11324,1344,81
2021-04-06,Brazil,SC,821952,11548,4068,224
2021-04-07,Brazil,SC,825860,11613,3908,65
2021-04-08,Brazil,SC,829444,11759,3584,146
2021-04-09,Brazil,SC,832834,11874,3390,115
