date,country,state,accumulated_num_cases,accumulated_num_deaths,new_num_cases,new_num_deaths
2020-02-25,Brazil,RS,0,0,0,0
2020-02-26,Brazil,RS,0,0,0,0
2020-02-27,Brazil,RS,0,0,0,0
2020-02-28,Brazil,RS,0,0,0,0
2020-02-29,Brazil,RS,0,0,0,0
2020-03-01,Brazil,RS,0,0,0,0
2020-03-02,Brazil,RS,0,0,0,0
2020-03-03,Brazil,RS,0,0,0,0
2020-03-04,Brazil,RS,0,0,0,0
2020-03-05,Brazil,RS,0,0,0,0
2020-03-06,Brazil,RS,0,0,0,0
2020-03-07,Brazil,RS,0,0,0,0
2020-03-08,Brazil,RS,0,0,0,0
2020-03-09,Brazil,RS,0,0,0,0
2020-03-10,Brazil,RS,1,0,1,0
2020-03-11,Brazil,RS,2,0,1,0
2020-03-12,Brazil,RS,4,0,2,0
2020-03-13,Brazil,RS,4,0,0,0
2020-03-14,Brazil,RS,4,0,0,0
2020-03-15,Brazil,RS,4,0,0,0
2020-03-16,Brazil,RS,8,0,4,0
2020-03-17,Brazil,RS,8,0,0,0
2020-03-18,Brazil,RS,19,0,11,0
2020-03-19,Brazil,RS,31,0,12,0
2020-03-20,Brazil,RS,43,0,12,0
2020-03-21,Brazil,RS,69,0,26,0
2020-03-22,Brazil,RS,77,0,8,0
2020-03-23,Brazil,RS,96,0,19,0
2020-03-24,Brazil,RS,112,0,16,0
2020-03-25,Brazil,RS,162,1,50,1
2020-03-26,Brazil,RS,190,1,28,0
2020-03-27,Brazil,RS,197,2,7,1
2020-03-28,Brazil,RS,200,2,3,0
2020-03-29,Brazil,RS,230,2,30,0
2020-03-30,Brazil,RS,254,4,24,2
2020-03-31,Brazil,RS,305,4,51,0
2020-04-01,Brazil,RS,316,5,11,1
2020-04-02,Brazil,RS,386,5,70,0
2020-04-03,Brazil,RS,410,6,24,1
2020-04-04,Brazil,RS,418,7,8,1
2020-04-05,Brazil,RS,468,7,50,0
2020-04-06,Brazil,RS,501,8,33,1
2020-04-07,Brazil,RS,555,8,54,0
2020-04-08,Brazil,RS,581,10,26,2
2020-04-09,Brazil,RS,636,14,55,4
2020-04-10,Brazil,RS,640,15,4,1
2020-04-11,Brazil,RS,653,16,13,1
2020-04-12,Brazil,RS,664,16,11,0
2020-04-13,Brazil,RS,685,17,21,1
2020-04-14,Brazil,RS,720,18,35,1
2020-04-15,Brazil,RS,762,19,42,1
2020-04-16,Brazil,RS,792,21,30,2
2020-04-17,Brazil,RS,831,24,39,3
2020-04-18,Brazil,RS,854,24,23,0
2020-04-19,Brazil,RS,869,26,15,2
2020-04-20,Brazil,RS,904,27,35,1
2020-04-21,Brazil,RS,918,27,14,0
2020-04-22,Brazil,RS,970,28,52,1
2020-04-23,Brazil,RS,1039,29,69,1
2020-04-24,Brazil,RS,1096,34,57,5
2020-04-25,Brazil,RS,1166,35,70,1
2020-04-26,Brazil,RS,1208,38,42,3
2020-04-27,Brazil,RS,1256,45,48,7
2020-04-28,Brazil,RS,1350,49,94,4
2020-04-29,Brazil,RS,1420,51,70,2
2020-04-30,Brazil,RS,1529,58,109,7
2020-05-01,Brazil,RS,1619,62,90,4
2020-05-02,Brazil,RS,1666,65,47,3
2020-05-03,Brazil,RS,1690,67,24,2
2020-05-04,Brazil,RS,1768,76,78,9
2020-05-05,Brazil,RS,2019,83,251,7
2020-05-06,Brazil,RS,2100,90,81,7
2020-05-07,Brazil,RS,2182,91,82,1
2020-05-08,Brazil,RS,2493,95,311,4
2020-05-09,Brazil,RS,2542,97,49,2
2020-05-10,Brazil,RS,2576,100,34,3
2020-05-11,Brazil,RS,2808,105,232,5
2020-05-12,Brazil,RS,2917,111,109,6
2020-05-13,Brazil,RS,2997,120,80,9
2020-05-14,Brazil,RS,3101,126,104,6
2020-05-15,Brazil,RS,3695,132,594,6
2020-05-16,Brazil,RS,3734,138,39,6
2020-05-17,Brazil,RS,3735,144,1,6
2020-05-18,Brazil,RS,3750,151,15,7
2020-05-19,Brazil,RS,3798,160,48,9
2020-05-20,Brazil,RS,4973,161,1175,1
2020-05-21,Brazil,RS,5473,166,500,5
2020-05-22,Brazil,RS,5918,172,445,6
2020-05-23,Brazil,RS,6336,176,418,4
2020-05-24,Brazil,RS,6470,180,134,4
2020-05-25,Brazil,RS,6559,197,89,17
2020-05-26,Brazil,RS,6785,203,226,6
2020-05-27,Brazil,RS,7048,209,263,6
2020-05-28,Brazil,RS,8234,213,1186,4
2020-05-29,Brazil,RS,8843,216,609,3
2020-05-30,Brazil,RS,9242,218,399,2
2020-05-31,Brazil,RS,9332,224,90,6
2020-06-01,Brazil,RS,9496,232,164,8
2020-06-02,Brazil,RS,9919,245,423,13
2020-06-03,Brazil,RS,10398,258,479,13
2020-06-04,Brazil,RS,11010,265,612,7
2020-06-05,Brazil,RS,11583,276,573,11
2020-06-06,Brazil,RS,12037,283,454,7
2020-06-07,Brazil,RS,12135,286,98,3
2020-06-08,Brazil,RS,12250,291,115,5
2020-06-09,Brazil,RS,12802,302,552,11
2020-06-10,Brazil,RS,13619,316,817,14
2020-06-11,Brazil,RS,14168,323,549,7
2020-06-12,Brazil,RS,14384,337,216,14
2020-06-13,Brazil,RS,14627,344,243,7
2020-06-14,Brazil,RS,14661,350,34,6
2020-06-15,Brazil,RS,15438,360,777,10
2020-06-16,Brazil,RS,16471,374,1033,14
2020-06-17,Brazil,RS,17128,387,657,13
2020-06-18,Brazil,RS,17822,406,694,19
2020-06-19,Brazil,RS,18587,423,765,17
2020-06-20,Brazil,RS,19138,430,551,7
2020-06-21,Brazil,RS,19348,434,210,4
2020-06-22,Brazil,RS,19710,458,362,24
2020-06-23,Brazil,RS,20864,477,1154,19
2020-06-24,Brazil,RS,22009,500,1145,23
2020-06-25,Brazil,RS,23060,500,1051,0
2020-06-26,Brazil,RS,24114,540,1054,40
2020-06-27,Brazil,RS,25000,554,886,14
2020-06-28,Brazil,RS,25243,559,243,5
2020-06-29,Brazil,RS,25659,582,416,23
2020-06-30,Brazil,RS,26941,614,1282,32
2020-07-01,Brazil,RS,28171,636,1230,22
2020-07-02,Brazil,RS,29195,663,1024,27
2020-07-03,Brazil,RS,30371,690,1176,27
2020-07-04,Brazil,RS,31619,715,1248,25
2020-07-05,Brazil,RS,31955,727,336,12
2020-07-06,Brazil,RS,32401,759,446,32
2020-07-07,Brazil,RS,33800,793,1399,34
2020-07-08,Brazil,RS,35557,825,1757,32
2020-07-09,Brazil,RS,36434,870,877,45
2020-07-10,Brazil,RS,37490,919,1056,49
2020-07-11,Brazil,RS,38720,943,1230,24
2020-07-12,Brazil,RS,39240,962,520,19
2020-07-13,Brazil,RS,39656,995,416,33
2020-07-14,Brazil,RS,40993,1060,1337,65
2020-07-15,Brazil,RS,42239,1101,1246,41
2020-07-16,Brazil,RS,45344,1141,3105,40
2020-07-17,Brazil,RS,46710,1174,1366,33
2020-07-18,Brazil,RS,46847,1229,137,55
2020-07-19,Brazil,RS,47113,1252,266,23
2020-07-20,Brazil,RS,47449,1285,336,33
2020-07-21,Brazil,RS,49840,1349,2391,64
2020-07-22,Brazil,RS,53073,1397,3233,48
2020-07-23,Brazil,RS,54841,1456,1768,59
2020-07-24,Brazil,RS,57007,1494,2166,38
2020-07-25,Brazil,RS,59118,1554,2111,60
2020-07-26,Brazil,RS,59779,1571,661,17
2020-07-27,Brazil,RS,60044,1611,265,40
2020-07-28,Brazil,RS,62347,1680,2303,69
2020-07-29,Brazil,RS,64496,1750,2149,70
2020-07-30,Brazil,RS,66473,1825,1977,75
2020-07-31,Brazil,RS,66692,1876,219,51
2020-08-01,Brazil,RS,70456,1947,3764,71
2020-08-02,Brazil,RS,71040,1974,584,27
2020-08-03,Brazil,RS,71479,2016,439,42
2020-08-04,Brazil,RS,73618,2099,2139,83
2020-08-05,Brazil,RS,76563,2163,2945,64
2020-08-06,Brazil,RS,78837,2231,2274,68
2020-08-07,Brazil,RS,79026,2282,189,51
2020-08-08,Brazil,RS,83595,2346,4569,64
2020-08-09,Brazil,RS,83991,2360,396,14
2020-08-10,Brazil,RS,84034,2417,43,57
2020-08-11,Brazil,RS,87415,2472,3381,55
2020-08-12,Brazil,RS,90049,2540,2634,68
2020-08-13,Brazil,RS,92560,2584,2511,44
2020-08-14,Brazil,RS,95142,2631,2582,47
2020-08-15,Brazil,RS,97445,2647,2303,16
2020-08-16,Brazil,RS,97877,2689,432,42
2020-08-17,Brazil,RS,98007,2744,130,55
2020-08-18,Brazil,RS,101217,2822,3210,78
2020-08-19,Brazil,RS,103891,2881,2674,59
2020-08-20,Brazil,RS,104068,2948,177,67
2020-08-21,Brazil,RS,104335,2993,267,45
2020-08-22,Brazil,RS,108839,3046,4504,53
2020-08-23,Brazil,RS,109873,3062,1034,16
2020-08-24,Brazil,RS,109953,3102,80,40
2020-08-25,Brazil,RS,112763,3161,2810,59
2020-08-26,Brazil,RS,115984,3235,3221,74
2020-08-27,Brazil,RS,118315,3275,2331,40
2020-08-28,Brazil,RS,120739,3323,2424,48
2020-08-29,Brazil,RS,124416,3385,3677,62
2020-08-30,Brazil,RS,124482,3395,66,10
2020-08-31,Brazil,RS,125813,3435,1331,40
2020-09-01,Brazil,RS,127799,3501,1986,66
2020-09-02,Brazil,RS,131461,3543,3662,42
2020-09-03,Brazil,RS,134610,3590,3149,47
2020-09-04,Brazil,RS,137217,3650,2607,60
2020-09-05,Brazil,RS,143485,3714,6268,64
2020-09-06,Brazil,RS,143914,3739,429,25
2020-09-07,Brazil,RS,143952,3756,38,17
2020-09-08,Brazil,RS,144502,3800,550,44
2020-09-09,Brazil,RS,147576,3882,3074,82
2020-09-10,Brazil,RS,151392,3929,3816,47
2020-09-11,Brazil,RS,153475,3997,2083,68
2020-09-12,Brazil,RS,156264,4039,2789,42
2020-09-13,Brazil,RS,156903,4055,639,16
2020-09-14,Brazil,RS,157907,4080,1004,25
2020-09-15,Brazil,RS,160940,4174,3033,94
2020-09-16,Brazil,RS,164373,4216,3433,42
2020-09-17,Brazil,RS,167781,4268,3408,52
2020-09-18,Brazil,RS,170749,4318,2968,50
2020-09-19,Brazil,RS,174140,4371,3391,53
2020-09-20,Brazil,RS,174777,4384,637,13
2020-09-21,Brazil,RS,175349,4409,572,25
2020-09-22,Brazil,RS,177485,4472,2136,63
2020-09-23,Brazil,RS,179436,4515,1951,43
2020-09-24,Brazil,RS,181216,4544,1780,29
2020-09-25,Brazil,RS,183115,4574,1899,30
2020-09-26,Brazil,RS,185118,4615,2003,41
2020-09-27,Brazil,RS,185516,4627,398,12
2020-09-28,Brazil,RS,185778,4648,262,21
2020-09-29,Brazil,RS,188253,4724,2475,76
2020-09-30,Brazil,RS,190572,4782,2319,58
2020-10-01,Brazil,RS,197186,4815,6614,33
2020-10-02,Brazil,RS,200427,4852,3241,37
2020-10-03,Brazil,RS,202587,4898,2160,46
2020-10-04,Brazil,RS,202719,4908,132,10
2020-10-05,Brazil,RS,203497,4952,778,44
2020-10-06,Brazil,RS,205375,4989,1878,37
2020-10-07,Brazil,RS,207706,5035,2331,46
2020-10-08,Brazil,RS,209623,5068,1917,33
2020-10-09,Brazil,RS,211773,5100,2150,32
2020-10-10,Brazil,RS,213782,5135,2009,35
2020-10-11,Brazil,RS,214158,5141,376,6
2020-10-12,Brazil,RS,214584,5148,426,7
2020-10-13,Brazil,RS,214970,5167,386,19
2020-10-14,Brazil,RS,216932,5237,1962,70
2020-10-15,Brazil,RS,218835,5282,1903,45
2020-10-16,Brazil,RS,220563,5312,1728,30
2020-10-17,Brazil,RS,222692,5342,2129,30
2020-10-18,Brazil,RS,223016,5347,324,5
2020-10-19,Brazil,RS,224020,5388,1004,41
2020-10-20,Brazil,RS,225694,5452,1674,64
2020-10-21,Brazil,RS,227463,5482,1769,30
2020-10-22,Brazil,RS,228762,5518,1299,36
2020-10-23,Brazil,RS,230944,5554,2182,36
2020-10-24,Brazil,RS,234076,5581,3132,27
2020-10-25,Brazil,RS,234076,5581,0,0
2020-10-26,Brazil,RS,235673,5615,1597,34
2020-10-27,Brazil,RS,238396,5665,2723,50
2020-10-28,Brazil,RS,240694,5699,2298,34
2020-10-29,Brazil,RS,243402,5729,2708,30
2020-10-30,Brazil,RS,246227,5768,2825,39
2020-10-31,Brazil,RS,247576,5797,1349,29
2020-11-01,Brazil,RS,248482,5804,906,7
2020-11-02,Brazil,RS,249437,5805,955,1
2020-11-03,Brazil,RS,250064,5844,627,39
2020-11-04,Brazil,RS,253272,5903,3208,59
2020-11-05,Brazil,RS,254828,5954,1556,51
2020-11-06,Brazil,RS,257785,5973,2957,19
2020-11-07,Brazil,RS,260188,5990,2403,17
2020-11-08,Brazil,RS,260898,5992,710,2
2020-11-09,Brazil,RS,261656,5997,758,5
2020-11-10,Brazil,RS,264576,6001,2920,4
2020-11-11,Brazil,RS,267750,6034,3174,33
2020-11-12,Brazil,RS,271340,6125,3590,91
2020-11-13,Brazil,RS,274411,6168,3071,43
2020-11-14,Brazil,RS,277519,6215,3108,47
2020-11-15,Brazil,RS,278707,6219,1188,4
2020-11-16,Brazil,RS,279872,6243,1165,24
2020-11-17,Brazil,RS,283351,6314,3479,71
2020-11-18,Brazil,RS,287204,6356,3853,42
2020-11-19,Brazil,RS,289923,6410,2719,54
2020-11-20,Brazil,RS,293221,6447,3298,37
2020-11-21,Brazil,RS,296904,6487,3683,40
2020-11-22,Brazil,RS,297827,6494,923,7
2020-11-23,Brazil,RS,298670,6524,843,30
2020-11-24,Brazil,RS,301766,6573,3096,49
2020-11-25,Brazil,RS,306335,6639,4569,66
2020-11-26,Brazil,RS,308647,6686,2312,47
2020-11-27,Brazil,RS,311123,6725,2476,39
2020-11-28,Brazil,RS,318936,6768,7813,43
2020-11-29,Brazil,RS,320778,6776,1842,8
2020-11-30,Brazil,RS,322058,6813,1280,37
2020-12-01,Brazil,RS,326425,6900,4367,87
2020-12-02,Brazil,RS,331279,6973,4854,73
2020-12-03,Brazil,RS,337003,7043,5724,70
2020-12-04,Brazil,RS,342035,7104,5032,61
2020-12-05,Brazil,RS,346801,7166,4766,62
2020-12-06,Brazil,RS,349035,7183,2234,17
2020-12-07,Brazil,RS,350569,7235,1534,52
2020-12-08,Brazil,RS,354683,7316,4114,81
2020-12-09,Brazil,RS,359544,7388,4861,72
2020-12-10,Brazil,RS,363979,7452,4435,64
2020-12-11,Brazil,RS,369142,7513,5163,61
2020-12-12,Brazil,RS,372699,7578,3557,65
2020-12-13,Brazil,RS,376590,7587,3891,9
2020-12-14,Brazil,RS,378893,7681,2303,94
2020-12-15,Brazil,RS,382251,7766,3358,85
2020-12-16,Brazil,RS,388704,7862,6453,96
2020-12-17,Brazil,RS,394816,7944,6112,82
2020-12-18,Brazil,RS,400537,8007,5721,63
2020-12-19,Brazil,RS,405598,8072,5061,65
2020-12-20,Brazil,RS,407755,8087,2157,15
2020-12-21,Brazil,RS,409794,8159,2039,72
2020-12-22,Brazil,RS,416000,8260,6206,101
2020-12-23,Brazil,RS,416098,8345,98,85
2020-12-24,Brazil,RS,426531,8403,10433,58
2020-12-25,Brazil,RS,428633,8434,2102,31
2020-12-26,Brazil,RS,430780,8452,2147,18
2020-12-27,Brazil,RS,431603,8492,823,40
2020-12-28,Brazil,RS,432241,8536,638,44
2020-12-29,Brazil,RS,438458,8680,6217,144
2020-12-30,Brazil,RS,444212,8793,5754,113
2020-12-31,Brazil,RS,449674,8872,5462,79
2021-01-01,Brazil,RS,451912,8917,2238,45
2021-01-02,Brazil,RS,452920,8934,1008,17
2021-01-03,Brazil,RS,454757,8954,1837,20
2021-01-04,Brazil,RS,455326,9018,569,64
2021-01-05,Brazil,RS,460609,9125,5283,107
2021-01-06,Brazil,RS,465337,9226,4728,101
2021-01-07,Brazil,RS,470138,9293,4801,67
2021-01-08,Brazil,RS,474917,9359,4779,66
2021-01-09,Brazil,RS,478501,9413,3584,54
2021-01-10,Brazil,RS,480480,9439,1979,26
2021-01-11,Brazil,RS,482062,9498,1582,59
2021-01-12,Brazil,RS,485757,9619,3695,121
2021-01-13,Brazil,RS,490980,9699,5223,80
2021-01-14,Brazil,RS,495585,9790,4605,91
2021-01-15,Brazil,RS,500792,9838,5207,48
2021-01-16,Brazil,RS,505021,9876,4229,38
2021-01-17,Brazil,RS,506885,9921,1864,45
2021-01-18,Brazil,RS,508058,9967,1173,46
2021-01-19,Brazil,RS,512343,10051,4285,84
2021-01-20,Brazil,RS,516288,10123,3945,72
2021-01-21,Brazil,RS,520313,10196,4025,73
2021-01-22,Brazil,RS,523367,10241,3054,45
2021-01-23,Brazil,RS,527182,10299,3815,58
2021-01-24,Brazil,RS,528045,10311,863,12
2021-01-25,Brazil,RS,528950,10360,905,49
2021-01-26,Brazil,RS,532944,10443,3994,83
2021-01-27,Brazil,RS,536746,10512,3802,69
2021-01-28,Brazil,RS,540157,10567,3411,55
2021-01-29,Brazil,RS,543499,10615,3342,48
2021-01-30,Brazil,RS,546708,10663,3209,48
2021-01-31,Brazil,RS,547282,10669,574,6
2021-02-01,Brazil,RS,548062,10715,780,46
2021-02-02,Brazil,RS,551317,10778,3255,63
2021-02-03,Brazil,RS,554353,10826,3036,48
2021-02-04,Brazil,RS,557125,10881,2772,55
2021-02-05,Brazil,RS,560540,10929,3415,48
2021-02-06,Brazil,RS,563706,10984,3166,55
2021-02-07,Brazil,RS,564216,10995,510,11
2021-02-08,Brazil,RS,564709,11028,493,33
2021-02-09,Brazil,RS,568416,11115,3707,87
2021-02-10,Brazil,RS,574012,11169,5596,54
2021-02-11,Brazil,RS,577345,11244,3333,75
2021-02-12,Brazil,RS,580518,11300,3173,56
2021-02-13,Brazil,RS,584024,11355,3506,55
2021-02-14,Brazil,RS,585346,11379,1322,24
2021-02-15,Brazil,RS,586315,11387,969,8
2021-02-16,Brazil,RS,588212,11407,1897,20
2021-02-17,Brazil,RS,590134,11479,1922,72
2021-02-18,Brazil,RS,594259,11609,4125,130
2021-02-19,Brazil,RS,598456,11666,4197,57
2021-02-20,Brazil,RS,602668,11753,4212,87
2021-02-21,Brazil,RS,604385,11771,1717,18
2021-02-22,Brazil,RS,606414,11820,2029,49
2021-02-23,Brazil,RS,612191,11932,5777,112
2021-02-24,Brazil,RS,619385,12029,7194,97
2021-02-25,Brazil,RS,624693,12149,5308,120
2021-02-26,Brazil,RS,632019,12226,7326,77
2021-02-27,Brazil,RS,638996,12343,6977,117
2021-02-28,Brazil,RS,640924,12392,1928,49
2021-03-01,Brazil,RS,643672,12470,2748,78
2021-03-02,Brazil,RS,649678,12654,6006,184
2021-03-03,Brazil,RS,657509,12833,7831,179
2021-03-04,Brazil,RS,667449,13021,9940,188
2021-03-05,Brazil,RS,676576,13188,9127,167
2021-03-06,Brazil,RS,686175,13370,9599,182
2021-03-07,Brazil,RS,688846,13449,2671,79
2021-03-08,Brazil,RS,691405,13562,2559,113
2021-03-09,Brazil,RS,703211,13837,11806,275
2021-03-10,Brazil,RS,713614,14087,10403,250
2021-03-11,Brazil,RS,720461,14363,6847,276
2021-03-12,Brazil,RS,730478,14554,10017,191
2021-03-13,Brazil,RS,739759,14885,9281,331
2021-03-14,Brazil,RS,742866,14957,3107,72
2021-03-15,Brazil,RS,744844,15105,1978,148
2021-03-16,Brazil,RS,754175,15606,9331,501
2021-03-17,Brazil,RS,763794,15819,9619,213
2021-03-18,Brazil,RS,771000,16117,7206,298
2021-03-19,Brazil,RS,780186,16507,9186,390
2021-03-20,Brazil,RS,788704,16814,8518,307
2021-03-21,Brazil,RS,791219,16869,2515,55
2021-03-22,Brazil,RS,793008,17157,1789,288
2021-03-23,Brazil,RS,801499,17499,8491,342
2021-03-24,Brazil,RS,809039,17748,7540,249
2021-03-25,Brazil,RS,815172,17941,6133,193
2021-03-26,Brazil,RS,816275,18349,1103,408
2021-03-27,Brazil,RS,828397,18680,12122,331
2021-03-28,Brazil,RS,830630,18823,2233,143
2021-03-29,Brazil,RS,832007,19020,1377,197
2021-03-30,Brazil,RS,839070,19432,7063,412
2021-03-31,Brazil,RS,845380,19736,6310,304
2021-04-01,Brazil,RS,850220,20063,4840,327
2021-04-02,Brazil,RS,858000,20234,7780,171
2021-04-03,Brazil,RS,859253,20436,1253,202
2021-04-04,Brazil,RS,860136,20499,883,63
2021-04-05,Brazil,RS,860924,20600,788,101
2021-04-06,Brazil,RS,868590,21018,7666,418
2021-04-07,Brazil,RS,875450,21261,6860,243
2021-04-08,Brazil,RS,879263,21538,3813,277
2021-04-09,Brazil,RS,886149,21779,6886,241
2021-04-10,Brazil,RS,890558,21864,4409,85
2021-04-11,Brazil,RS,891554,21881,996,17
2021-04-12,Brazil,RS,892087,22047,533,166
2021-04-13,Brazil,RS,898514,22388,6427,341
2021-04-14,Brazil,RS,904944,22565,6430,177
2021-04-15,Brazil,RS,910522,22798,5578,233
2021-04-16,Brazil,RS,915558,22977,5036,179
