date,country,state,accumulated_num_cases,accumulated_num_deaths,new_num_cases,new_num_deaths
2020-02-25,Brazil,RR,0,0,0,0
2020-02-26,Brazil,RR,0,0,0,0
2020-02-27,Brazil,RR,0,0,0,0
2020-02-28,Brazil,RR,0,0,0,0
2020-02-29,Brazil,RR,0,0,0,0
2020-03-01,Brazil,RR,0,0,0,0
2020-03-02,Brazil,RR,0,0,0,0
2020-03-03,Brazil,RR,0,0,0,0
2020-03-04,Brazil,RR,0,0,0,0
2020-03-05,Brazil,RR,0,0,0,0
2020-03-06,Brazil,RR,0,0,0,0
2020-03-07,Brazil,RR,0,0,0,0
2020-03-08,Brazil,RR,0,0,0,0
2020-03-09,Brazil,RR,0,0,0,0
2020-03-10,Brazil,RR,0,0,0,0
2020-03-11,Brazil,RR,0,0,0,0
2020-03-12,Brazil,RR,0,0,0,0
2020-03-13,Brazil,RR,0,0,0,0
2020-03-14,Brazil,RR,0,0,0,0
2020-03-15,Brazil,RR,0,0,0,0
2020-03-16,Brazil,RR,0,0,0,0
2020-03-17,Brazil,RR,0,0,0,0
2020-03-18,Brazil,RR,0,0,0,0
2020-03-19,Brazil,RR,0,0,0,0
2020-03-20,Brazil,RR,0,0,0,0
2020-03-21,Brazil,RR,2,0,2,0
2020-03-22,Brazil,RR,2,0,0,0
2020-03-23,Brazil,RR,2,0,0,0
2020-03-24,Brazil,RR,8,0,6,0
2020-03-25,Brazil,RR,8,0,0,0
2020-03-26,Brazil,RR,10,0,2,0
2020-03-27,Brazil,RR,12,0,2,0
2020-03-28,Brazil,RR,16,0,4,0
2020-03-29,Brazil,RR,16,0,0,0
2020-03-30,Brazil,RR,16,0,0,0
2020-03-31,Brazil,RR,16,0,0,0
2020-04-01,Brazil,RR,26,0,10,0
2020-04-02,Brazil,RR,30,0,4,0
2020-04-03,Brazil,RR,37,1,7,1
2020-04-04,Brazil,RR,42,1,5,0
2020-04-05,Brazil,RR,42,1,0,0
2020-04-06,Brazil,RR,42,1,0,0
2020-04-07,Brazil,RR,49,1,7,0
2020-04-08,Brazil,RR,52,1,3,0
2020-04-09,Brazil,RR,63,2,11,1
2020-04-10,Brazil,RR,75,3,12,1
2020-04-11,Brazil,RR,79,3,4,0
2020-04-12,Brazil,RR,83,3,4,0
2020-04-13,Brazil,RR,113,3,30,0
2020-04-14,Brazil,RR,114,3,1,0
2020-04-15,Brazil,RR,142,3,28,0
2020-04-16,Brazil,RR,164,3,22,0
2020-04-17,Brazil,RR,201,3,37,0
2020-04-18,Brazil,RR,222,3,21,0
2020-04-19,Brazil,RR,244,3,22,0
2020-04-20,Brazil,RR,247,3,3,0
2020-04-21,Brazil,RR,280,3,33,0
2020-04-22,Brazil,RR,297,3,17,0
2020-04-23,Brazil,RR,304,3,7,0
2020-04-24,Brazil,RR,345,3,41,0
2020-04-25,Brazil,RR,401,4,56,1
2020-04-26,Brazil,RR,407,4,6,0
2020-04-27,Brazil,RR,425,4,18,0
2020-04-28,Brazil,RR,425,4,0,0
2020-04-29,Brazil,RR,426,4,1,0
2020-04-30,Brazil,RR,519,7,93,3
2020-05-01,Brazil,RR,519,7,0,0
2020-05-02,Brazil,RR,668,9,149,2
2020-05-03,Brazil,RR,533,7,-135,-2
2020-05-04,Brazil,RR,578,11,45,4
2020-05-05,Brazil,RR,869,11,291,0
2020-05-06,Brazil,RR,932,13,63,2
2020-05-07,Brazil,RR,1020,14,88,1
2020-05-08,Brazil,RR,1124,16,104,2
2020-05-09,Brazil,RR,1202,18,78,2
2020-05-10,Brazil,RR,1290,21,88,3
2020-05-11,Brazil,RR,1295,24,5,3
2020-05-12,Brazil,RR,1411,28,116,4
2020-05-13,Brazil,RR,1411,29,0,1
2020-05-14,Brazil,RR,1500,37,89,8
2020-05-15,Brazil,RR,1589,40,89,3
2020-05-16,Brazil,RR,1706,49,117,9
2020-05-17,Brazil,RR,1791,51,85,2
2020-05-18,Brazil,RR,1882,60,91,9
2020-05-19,Brazil,RR,1988,64,106,4
2020-05-20,Brazil,RR,1988,64,0,0
2020-05-21,Brazil,RR,1988,64,0,0
2020-05-22,Brazil,RR,2296,72,308,8
2020-05-23,Brazil,RR,2439,72,143,0
2020-05-24,Brazil,RR,2439,84,0,12
2020-05-25,Brazil,RR,2564,86,125,2
2020-05-26,Brazil,RR,2682,102,118,16
2020-05-27,Brazil,RR,2959,102,277,0
2020-05-28,Brazil,RR,3098,108,139,6
2020-05-29,Brazil,RR,3299,110,201,2
2020-05-30,Brazil,RR,3474,116,175,6
2020-05-31,Brazil,RR,3692,116,218,0
2020-06-01,Brazil,RR,3850,120,158,4
2020-06-02,Brazil,RR,4143,124,293,4
2020-06-03,Brazil,RR,4143,124,0,0
2020-06-04,Brazil,RR,4831,139,688,15
2020-06-05,Brazil,RR,5238,139,407,0
2020-06-06,Brazil,RR,5529,142,291,3
2020-06-07,Brazil,RR,5768,145,239,3
2020-06-08,Brazil,RR,6056,168,288,23
2020-06-09,Brazil,RR,6347,182,291,14
2020-06-10,Brazil,RR,6594,188,247,6
2020-06-11,Brazil,RR,6712,192,118,4
2020-06-12,Brazil,RR,6842,197,130,5
2020-06-13,Brazil,RR,6875,200,33,3
2020-06-14,Brazil,RR,6881,203,6,3
2020-06-15,Brazil,RR,6935,216,54,13
2020-06-16,Brazil,RR,7150,224,215,8
2020-06-17,Brazil,RR,7421,224,271,0
2020-06-18,Brazil,RR,7650,239,229,15
2020-06-19,Brazil,RR,8037,245,387,6
2020-06-20,Brazil,RR,8120,251,83,6
2020-06-21,Brazil,RR,8188,251,68,0
2020-06-22,Brazil,RR,10340,250,2152,-1
2020-06-23,Brazil,RR,10803,259,463,9
2020-06-24,Brazil,RR,11872,271,1069,12
2020-06-25,Brazil,RR,12911,273,1039,2
2020-06-26,Brazil,RR,13078,281,167,8
2020-06-27,Brazil,RR,14341,281,1263,0
2020-06-28,Brazil,RR,14459,281,118,0
2020-06-29,Brazil,RR,14641,283,182,2
2020-06-30,Brazil,RR,15153,314,512,31
2020-07-01,Brazil,RR,17583,354,2430,40
2020-07-02,Brazil,RR,18323,358,740,4
2020-07-03,Brazil,RR,18769,364,446,6
2020-07-04,Brazil,RR,18922,368,153,4
2020-07-05,Brazil,RR,18948,371,26,3
2020-07-06,Brazil,RR,19088,376,140,5
2020-07-07,Brazil,RR,19284,386,196,10
2020-07-08,Brazil,RR,20154,393,870,7
2020-07-09,Brazil,RR,21220,393,1066,0
2020-07-10,Brazil,RR,21849,396,629,3
2020-07-11,Brazil,RR,22225,396,376,0
2020-07-12,Brazil,RR,22627,397,402,1
2020-07-13,Brazil,RR,22968,398,341,1
2020-07-14,Brazil,RR,23681,403,713,5
2020-07-15,Brazil,RR,24397,415,716,12
2020-07-16,Brazil,RR,25007,425,610,10
2020-07-17,Brazil,RR,25373,429,366,4
2020-07-18,Brazil,RR,25467,429,94,0
2020-07-19,Brazil,RR,25686,431,219,2
2020-07-20,Brazil,RR,25985,435,299,4
2020-07-21,Brazil,RR,26954,451,969,16
2020-07-22,Brazil,RR,27932,458,978,7
2020-07-23,Brazil,RR,28874,465,942,7
2020-07-24,Brazil,RR,29394,473,520,8
2020-07-25,Brazil,RR,29829,473,435,0
2020-07-26,Brazil,RR,29902,474,73,1
2020-07-27,Brazil,RR,30316,479,414,5
2020-07-28,Brazil,RR,30996,493,680,14
2020-07-29,Brazil,RR,31455,501,459,8
2020-07-30,Brazil,RR,32016,505,561,4
2020-07-31,Brazil,RR,32723,513,707,8
2020-08-01,Brazil,RR,33151,513,428,0
2020-08-02,Brazil,RR,33188,513,37,0
2020-08-03,Brazil,RR,33194,528,6,15
2020-08-04,Brazil,RR,34296,532,1102,4
2020-08-05,Brazil,RR,34929,538,633,6
2020-08-06,Brazil,RR,35540,544,611,6
2020-08-07,Brazil,RR,35933,547,393,3
2020-08-08,Brazil,RR,36387,547,454,0
2020-08-09,Brazil,RR,36449,547,62,0
2020-08-10,Brazil,RR,37006,551,557,4
2020-08-11,Brazil,RR,37579,555,573,4
2020-08-12,Brazil,RR,38270,561,691,6
2020-08-13,Brazil,RR,38897,565,627,4
2020-08-14,Brazil,RR,39397,568,500,3
2020-08-15,Brazil,RR,39623,568,226,0
2020-08-16,Brazil,RR,39665,568,42,0
2020-08-17,Brazil,RR,40183,574,518,6
2020-08-18,Brazil,RR,40501,575,318,1
2020-08-19,Brazil,RR,40989,576,488,1
2020-08-20,Brazil,RR,41191,576,202,0
2020-08-21,Brazil,RR,41527,579,336,3
2020-08-22,Brazil,RR,41730,579,203,0
2020-08-23,Brazil,RR,41770,579,40,0
2020-08-24,Brazil,RR,42044,582,274,3
2020-08-25,Brazil,RR,42359,582,315,0
2020-08-26,Brazil,RR,42690,586,331,4
2020-08-27,Brazil,RR,42997,587,307,1
2020-08-28,Brazil,RR,43299,587,302,0
2020-08-29,Brazil,RR,43470,587,171,0
2020-08-30,Brazil,RR,43518,587,48,0
2020-08-31,Brazil,RR,43707,593,189,6
2020-09-01,Brazil,RR,44036,595,329,2
2020-09-02,Brazil,RR,44334,596,298,1
2020-09-03,Brazil,RR,44665,598,331,2
2020-09-04,Brazil,RR,44975,598,310,0
2020-09-05,Brazil,RR,45137,598,162,0
2020-09-06,Brazil,RR,45253,598,116,0
2020-09-07,Brazil,RR,45302,598,49,0
2020-09-08,Brazil,RR,45505,605,203,7
2020-09-09,Brazil,RR,45855,607,350,2
2020-09-10,Brazil,RR,46102,609,247,2
2020-09-11,Brazil,RR,46348,610,246,1
2020-09-12,Brazil,RR,46478,610,130,0
2020-09-13,Brazil,RR,46545,610,67,0
2020-09-14,Brazil,RR,46848,611,303,1
2020-09-15,Brazil,RR,47164,611,316,0
2020-09-16,Brazil,RR,47398,611,234,0
2020-09-17,Brazil,RR,47692,613,294,2
2020-09-18,Brazil,RR,48088,613,396,0
2020-09-19,Brazil,RR,48302,613,214,0
2020-09-20,Brazil,RR,48330,613,28,0
2020-09-21,Brazil,RR,48542,616,212,3
2020-09-22,Brazil,RR,48919,616,377,0
2020-09-23,Brazil,RR,49216,635,297,19
2020-09-24,Brazil,RR,49474,637,258,2
2020-09-25,Brazil,RR,49681,637,207,0
2020-09-26,Brazil,RR,49911,637,230,0
2020-09-27,Brazil,RR,49968,637,57,0
2020-09-28,Brazil,RR,50185,641,217,4
2020-09-29,Brazil,RR,50449,648,264,7
2020-09-30,Brazil,RR,50681,654,232,6
2020-10-01,Brazil,RR,51013,659,332,5
2020-10-02,Brazil,RR,51298,661,285,2
2020-10-03,Brazil,RR,51368,661,70,0
2020-10-04,Brazil,RR,51368,661,0,0
2020-10-05,Brazil,RR,51450,661,82,0
2020-10-06,Brazil,RR,51635,666,185,5
2020-10-07,Brazil,RR,51879,666,244,0
2020-10-08,Brazil,RR,52131,670,252,4
2020-10-09,Brazil,RR,52440,670,309,0
2020-10-10,Brazil,RR,52637,670,197,0
2020-10-11,Brazil,RR,52659,670,22,0
2020-10-12,Brazil,RR,52701,670,42,0
2020-10-13,Brazil,RR,52848,676,147,6
2020-10-14,Brazil,RR,53353,677,505,1
2020-10-15,Brazil,RR,53726,680,373,3
2020-10-16,Brazil,RR,54019,681,293,1
2020-10-17,Brazil,RR,54181,681,162,0
2020-10-18,Brazil,RR,54226,681,45,0
2020-10-19,Brazil,RR,54459,686,233,5
2020-10-20,Brazil,RR,54676,689,217,3
2020-10-21,Brazil,RR,54905,690,229,1
2020-10-22,Brazil,RR,55269,691,364,1
2020-10-23,Brazil,RR,55613,691,344,0
2020-10-24,Brazil,RR,55862,691,249,0
2020-10-25,Brazil,RR,55951,691,89,0
2020-10-26,Brazil,RR,56182,691,231,0
2020-10-27,Brazil,RR,56469,692,287,1
2020-10-28,Brazil,RR,56733,692,264,0
2020-10-29,Brazil,RR,57002,692,269,0
2020-10-30,Brazil,RR,57284,692,282,0
2020-10-31,Brazil,RR,57407,692,123,0
2020-11-01,Brazil,RR,57488,692,81,0
2020-11-02,Brazil,RR,57624,692,136,0
2020-11-03,Brazil,RR,57789,693,165,1
2020-11-04,Brazil,RR,58304,695,515,2
2020-11-05,Brazil,RR,58684,695,380,0
2020-11-06,Brazil,RR,59065,695,381,0
2020-11-07,Brazil,RR,59189,695,124,0
2020-11-08,Brazil,RR,59195,695,6,0
2020-11-09,Brazil,RR,59273,695,78,0
2020-11-10,Brazil,RR,59586,701,313,6
2020-11-11,Brazil,RR,59946,705,360,4
2020-11-12,Brazil,RR,60156,705,210,0
2020-11-13,Brazil,RR,60416,706,260,1
2020-11-14,Brazil,RR,60535,706,119,0
2020-11-15,Brazil,RR,60579,706,44,0
2020-11-16,Brazil,RR,60790,709,211,3
2020-11-17,Brazil,RR,61001,709,211,0
2020-11-18,Brazil,RR,61245,711,244,2
2020-11-19,Brazil,RR,61553,720,308,9
2020-11-20,Brazil,RR,61744,720,191,0
2020-11-21,Brazil,RR,61838,720,94,0
2020-11-22,Brazil,RR,62015,720,177,0
2020-11-23,Brazil,RR,62139,721,124,1
2020-11-24,Brazil,RR,62414,722,275,1
2020-11-25,Brazil,RR,62603,723,189,1
2020-11-26,Brazil,RR,62757,724,154,1
2020-11-27,Brazil,RR,62816,727,59,3
2020-11-28,Brazil,RR,63234,727,418,0
2020-11-29,Brazil,RR,63322,727,88,0
2020-11-30,Brazil,RR,63572,728,250,1
2020-12-01,Brazil,RR,63899,734,327,6
2020-12-02,Brazil,RR,64174,739,275,5
2020-12-03,Brazil,RR,64317,740,143,1
2020-12-04,Brazil,RR,64685,744,368,4
2020-12-05,Brazil,RR,64905,744,220,0
2020-12-06,Brazil,RR,65015,744,110,0
2020-12-07,Brazil,RR,65084,744,69,0
2020-12-08,Brazil,RR,65218,745,134,1
2020-12-09,Brazil,RR,65595,749,377,4
2020-12-10,Brazil,RR,65974,753,379,4
2020-12-11,Brazil,RR,66221,755,247,2
2020-12-12,Brazil,RR,66407,755,186,0
2020-12-13,Brazil,RR,66454,755,47,0
2020-12-14,Brazil,RR,66515,761,61,6
2020-12-15,Brazil,RR,66574,764,59,3
2020-12-16,Brazil,RR,66977,766,403,2
2020-12-17,Brazil,RR,67184,769,207,3
2020-12-18,Brazil,RR,67359,772,175,3
2020-12-19,Brazil,RR,67429,772,70,0
2020-12-20,Brazil,RR,67531,772,102,0
2020-12-21,Brazil,RR,67686,772,155,0
2020-12-22,Brazil,RR,67909,772,223,0
2020-12-23,Brazil,RR,68107,773,198,1
2020-12-24,Brazil,RR,68195,773,88,0
2020-12-25,Brazil,RR,68237,773,42,0
2020-12-26,Brazil,RR,68264,773,27,0
2020-12-27,Brazil,RR,68295,773,31,0
2020-12-28,Brazil,RR,68363,773,68,0
2020-12-29,Brazil,RR,68509,773,146,0
2020-12-30,Brazil,RR,68689,781,180,8
2020-12-31,Brazil,RR,68710,787,21,6
2021-01-01,Brazil,RR,68858,787,148,0
2021-01-02,Brazil,RR,68875,787,17,0
2021-01-03,Brazil,RR,68947,787,72,0
2021-01-04,Brazil,RR,69029,789,82,2
2021-01-05,Brazil,RR,69180,789,151,0
2021-01-06,Brazil,RR,69326,793,146,4
2021-01-07,Brazil,RR,69461,793,135,0
2021-01-08,Brazil,RR,69640,793,179,0
2021-01-09,Brazil,RR,69732,793,92,0
2021-01-10,Brazil,RR,69785,793,53,0
2021-01-11,Brazil,RR,69888,795,103,2
2021-01-12,Brazil,RR,70086,800,198,5
2021-01-13,Brazil,RR,70346,800,260,0
2021-01-14,Brazil,RR,70475,805,129,5
2021-01-15,Brazil,RR,70752,811,277,6
2021-01-16,Brazil,RR,70948,811,196,0
2021-01-17,Brazil,RR,71065,811,117,0
2021-01-18,Brazil,RR,71232,816,167,5
2021-01-19,Brazil,RR,71451,816,219,0
2021-01-20,Brazil,RR,71583,819,132,3
2021-01-21,Brazil,RR,71740,819,157,0
2021-01-22,Brazil,RR,72127,821,387,2
2021-01-23,Brazil,RR,72313,821,186,0
2021-01-24,Brazil,RR,72462,821,149,0
2021-01-25,Brazil,RR,72656,835,194,14
2021-01-26,Brazil,RR,72921,837,265,2
2021-01-27,Brazil,RR,73238,843,317,6
2021-01-28,Brazil,RR,73654,849,416,6
2021-01-29,Brazil,RR,73909,856,255,7
2021-01-30,Brazil,RR,74115,856,206,0
2021-01-31,Brazil,RR,74264,856,149,0
2021-02-01,Brazil,RR,74367,857,103,1
2021-02-02,Brazil,RR,74705,871,338,14
2021-02-03,Brazil,RR,74960,880,255,9
2021-02-04,Brazil,RR,75288,886,328,6
2021-02-05,Brazil,RR,75492,896,204,10
2021-02-06,Brazil,RR,75712,896,220,0
2021-02-07,Brazil,RR,75820,896,108,0
2021-02-08,Brazil,RR,76043,896,223,0
2021-02-09,Brazil,RR,76327,924,284,28
2021-02-10,Brazil,RR,76636,937,309,13
2021-02-11,Brazil,RR,76973,962,337,25
2021-02-12,Brazil,RR,77201,976,228,14
2021-02-13,Brazil,RR,77460,976,259,0
2021-02-14,Brazil,RR,77531,976,71,0
2021-02-15,Brazil,RR,77697,995,166,19
2021-02-16,Brazil,RR,78068,995,371,0
2021-02-17,Brazil,RR,78394,1024,326,29
2021-02-18,Brazil,RR,78822,1028,428,4
2021-02-19,Brazil,RR,79444,1037,622,9
2021-02-20,Brazil,RR,79606,1037,162,0
2021-02-21,Brazil,RR,79818,1037,212,0
2021-02-22,Brazil,RR,80097,1061,279,24
2021-02-23,Brazil,RR,80472,1074,375,13
2021-02-24,Brazil,RR,80923,1083,451,9
2021-02-25,Brazil,RR,81281,1092,358,9
2021-02-26,Brazil,RR,81776,1100,495,8
2021-02-27,Brazil,RR,82049,1100,273,0
2021-02-28,Brazil,RR,82126,1100,77,0
2021-03-01,Brazil,RR,82217,1114,91,14
2021-03-02,Brazil,RR,82612,1117,395,3
2021-03-03,Brazil,RR,83097,1143,485,26
2021-03-04,Brazil,RR,83452,1160,355,17
2021-03-05,Brazil,RR,83745,1167,293,7
2021-03-06,Brazil,RR,83846,1167,101,0
2021-03-07,Brazil,RR,83869,1167,23,0
2021-03-08,Brazil,RR,83869,1191,0,24
2021-03-09,Brazil,RR,83922,1203,53,12
2021-03-10,Brazil,RR,84909,1216,987,13
2021-03-11,Brazil,RR,85242,1226,333,10
2021-03-12,Brazil,RR,85572,1232,330,6
2021-03-13,Brazil,RR,85767,1232,195,0
2021-03-14,Brazil,RR,85856,1232,89,0
2021-03-15,Brazil,RR,86022,1250,166,18
2021-03-16,Brazil,RR,86382,1261,360,11
2021-03-17,Brazil,RR,86683,1269,301,8
2021-03-18,Brazil,RR,87032,1274,349,5
2021-03-19,Brazil,RR,87354,1281,322,7
2021-03-20,Brazil,RR,87554,1281,200,0
2021-03-21,Brazil,RR,87649,1281,95,0
2021-03-22,Brazil,RR,87866,1290,217,9
2021-03-23,Brazil,RR,88157,1301,291,11
2021-03-24,Brazil,RR,88458,1303,301,2
2021-03-25,Brazil,RR,88707,1318,249,15
2021-03-26,Brazil,RR,88980,1320,273,2
2021-03-27,Brazil,RR,89116,1320,136,0
2021-03-28,Brazil,RR,89164,1320,48,0
2021-03-29,Brazil,RR,89164,1320,0,0
2021-03-30,Brazil,RR,89525,1341,361,21
2021-03-31,Brazil,RR,89853,1346,328,5
2021-04-01,Brazil,RR,90109,1352,256,6
2021-04-02,Brazil,RR,90276,1352,167,0
2021-04-03,Brazil,RR,90350,1352,74,0
2021-04-04,Brazil,RR,90371,1352,21,0
2021-04-05,Brazil,RR,90582,1362,211,10
2021-04-06,Brazil,RR,90765,1367,183,5
2021-04-07,Brazil,RR,91036,1384,271,17
2021-04-08,Brazil,RR,91302,1387,266,3
2021-04-09,Brazil,RR,91616,1393,314,6
2021-04-10,Brazil,RR,91782,1393,166,0
2021-04-11,Brazil,RR,91849,1393,67,0
2021-04-12,Brazil,RR,92099,1408,250,15
2021-04-13,Brazil,RR,92512,1417,413,9
2021-04-14,Brazil,RR,92902,1422,390,5
2021-04-15,Brazil,RR,93259,1435,357,13
2021-04-16,Brazil,RR,93574,1445,315,10
2021-04-17,Brazil,RR,93752,1445,178,0
2021-04-18,Brazil,RR,93790,1445,38,0
2021-04-19,Brazil,RR,93957,1451,167,6
2021-04-20,Brazil,RR,94270,1466,313,15
2021-04-21,Brazil,RR,94566,1466,296,0
2021-04-22,Brazil,RR,94769,1472,203,6
2021-04-23,Brazil,RR,94769,1472,203,6
