date,country,state,accumulated_num_cases,accumulated_num_deaths,new_num_cases,new_num_deaths
2020-02-25,Brazil,RO,0,0,0,0
2020-02-26,Brazil,RO,0,0,0,0
2020-02-27,Brazil,RO,0,0,0,0
2020-02-28,Brazil,RO,0,0,0,0
2020-02-29,Brazil,RO,0,0,0,0
2020-03-01,Brazil,RO,0,0,0,0
2020-03-02,Brazil,RO,0,0,0,0
2020-03-03,Brazil,RO,0,0,0,0
2020-03-04,Brazil,RO,0,0,0,0
2020-03-05,Brazil,RO,0,0,0,0
2020-03-06,Brazil,RO,0,0,0,0
2020-03-07,Brazil,RO,0,0,0,0
2020-03-08,Brazil,RO,0,0,0,0
2020-03-09,Brazil,RO,0,0,0,0
2020-03-10,Brazil,RO,0,0,0,0
2020-03-11,Brazil,RO,0,0,0,0
2020-03-12,Brazil,RO,0,0,0,0
2020-03-13,Brazil,RO,0,0,0,0
2020-03-14,Brazil,RO,0,0,0,0
2020-03-15,Brazil,RO,0,0,0,0
2020-03-16,Brazil,RO,0,0,0,0
2020-03-17,Brazil,RO,0,0,0,0
2020-03-18,Brazil,RO,0,0,0,0
2020-03-19,Brazil,RO,0,0,0,0
2020-03-20,Brazil,RO,1,0,1,0
2020-03-21,Brazil,RO,3,0,2,0
2020-03-22,Brazil,RO,3,0,0,0
2020-03-23,Brazil,RO,3,0,0,0
2020-03-24,Brazil,RO,5,0,2,0
2020-03-25,Brazil,RO,5,0,0,0
2020-03-26,Brazil,RO,6,0,1,0
2020-03-27,Brazil,RO,6,0,0,0
2020-03-28,Brazil,RO,6,0,0,0
2020-03-29,Brazil,RO,6,0,0,0
2020-03-30,Brazil,RO,8,1,2,1
2020-03-31,Brazil,RO,9,1,1,0
2020-04-01,Brazil,RO,9,1,0,0
2020-04-02,Brazil,RO,10,1,1,0
2020-04-03,Brazil,RO,10,1,0,0
2020-04-04,Brazil,RO,11,1,1,0
2020-04-05,Brazil,RO,14,1,3,0
2020-04-06,Brazil,RO,18,1,4,0
2020-04-07,Brazil,RO,23,1,5,0
2020-04-08,Brazil,RO,26,1,3,0
2020-04-09,Brazil,RO,28,2,2,1
2020-04-10,Brazil,RO,32,2,4,0
2020-04-11,Brazil,RO,34,2,2,0
2020-04-12,Brazil,RO,42,2,8,0
2020-04-13,Brazil,RO,42,2,0,0
2020-04-14,Brazil,RO,69,2,27,0
2020-04-15,Brazil,RO,73,2,4,0
2020-04-16,Brazil,RO,92,3,19,1
2020-04-17,Brazil,RO,110,3,18,0
2020-04-18,Brazil,RO,128,4,18,1
2020-04-19,Brazil,RO,160,4,32,0
2020-04-20,Brazil,RO,199,4,39,0
2020-04-21,Brazil,RO,223,5,24,1
2020-04-22,Brazil,RO,223,5,0,0
2020-04-23,Brazil,RO,250,5,27,0
2020-04-24,Brazil,RO,290,6,40,1
2020-04-25,Brazil,RO,328,7,38,1
2020-04-26,Brazil,RO,364,10,36,3
2020-04-27,Brazil,RO,393,10,29,0
2020-04-28,Brazil,RO,413,11,20,1
2020-04-29,Brazil,RO,433,15,20,4
2020-04-30,Brazil,RO,502,16,69,1
2020-05-01,Brazil,RO,585,18,83,2
2020-05-02,Brazil,RO,654,23,69,5
2020-05-03,Brazil,RO,705,24,51,1
2020-05-04,Brazil,RO,756,25,51,1
2020-05-05,Brazil,RO,861,29,105,4
2020-05-06,Brazil,RO,943,33,82,4
2020-05-07,Brazil,RO,1098,37,155,4
2020-05-08,Brazil,RO,1222,39,124,2
2020-05-09,Brazil,RO,1263,41,41,2
2020-05-10,Brazil,RO,1302,43,39,2
2020-05-11,Brazil,RO,1398,47,96,4
2020-05-12,Brazil,RO,1460,50,62,3
2020-05-13,Brazil,RO,1612,50,152,0
2020-05-14,Brazil,RO,1686,56,74,6
2020-05-15,Brazil,RO,1794,62,108,6
2020-05-16,Brazil,RO,1918,69,124,7
2020-05-17,Brazil,RO,1963,74,45,5
2020-05-18,Brazil,RO,2043,83,80,9
2020-05-19,Brazil,RO,2413,88,370,5
2020-05-20,Brazil,RO,2499,90,86,2
2020-05-21,Brazil,RO,2499,90,0,0
2020-05-22,Brazil,RO,2774,106,275,16
2020-05-23,Brazil,RO,3109,115,335,9
2020-05-24,Brazil,RO,3201,121,92,6
2020-05-25,Brazil,RO,3268,121,67,0
2020-05-26,Brazil,RO,3493,133,225,12
2020-05-27,Brazil,RO,3862,137,369,4
2020-05-28,Brazil,RO,4252,142,390,5
2020-05-29,Brazil,RO,4502,145,250,3
2020-05-30,Brazil,RO,4743,151,241,6
2020-05-31,Brazil,RO,4942,156,199,5
2020-06-01,Brazil,RO,4942,156,0,0
2020-06-02,Brazil,RO,5477,172,535,16
2020-06-03,Brazil,RO,5714,180,237,8
2020-06-04,Brazil,RO,6459,194,745,14
2020-06-05,Brazil,RO,6862,213,403,19
2020-06-06,Brazil,RO,7701,228,839,15
2020-06-07,Brazil,RO,8110,235,409,7
2020-06-08,Brazil,RO,8626,245,516,10
2020-06-09,Brazil,RO,9220,255,594,10
2020-06-10,Brazil,RO,9850,267,630,12
2020-06-11,Brazil,RO,10547,293,697,26
2020-06-12,Brazil,RO,11224,296,677,3
2020-06-13,Brazil,RO,11632,309,408,13
2020-06-14,Brazil,RO,11865,324,233,15
2020-06-15,Brazil,RO,12180,332,315,8
2020-06-16,Brazil,RO,13010,346,830,14
2020-06-17,Brazil,RO,13567,361,557,15
2020-06-18,Brazil,RO,13804,374,237,13
2020-06-19,Brazil,RO,14353,391,549,17
2020-06-20,Brazil,RO,14952,409,599,18
2020-06-21,Brazil,RO,15181,417,229,8
2020-06-22,Brazil,RO,15827,432,646,15
2020-06-23,Brazil,RO,16499,444,672,12
2020-06-24,Brazil,RO,17424,455,925,11
2020-06-25,Brazil,RO,18173,467,749,12
2020-06-26,Brazil,RO,19271,476,1098,9
2020-06-27,Brazil,RO,19735,481,464,5
2020-06-28,Brazil,RO,19820,486,85,5
2020-06-29,Brazil,RO,20406,499,586,13
2020-06-30,Brazil,RO,21251,518,845,19
2020-07-01,Brazil,RO,21523,523,272,5
2020-07-02,Brazil,RO,21970,530,447,7
2020-07-03,Brazil,RO,22241,533,271,3
2020-07-04,Brazil,RO,22957,548,716,15
2020-07-05,Brazil,RO,23479,555,522,7
2020-07-06,Brazil,RO,23920,558,441,3
2020-07-07,Brazil,RO,24563,577,643,19
2020-07-08,Brazil,RO,25067,585,504,8
2020-07-09,Brazil,RO,25402,589,335,4
2020-07-10,Brazil,RO,26000,606,598,17
2020-07-11,Brazil,RO,26496,617,496,11
2020-07-12,Brazil,RO,26728,628,232,11
2020-07-13,Brazil,RO,27050,647,322,19
2020-07-14,Brazil,RO,27528,663,478,16
2020-07-15,Brazil,RO,27917,667,389,4
2020-07-16,Brazil,RO,28654,677,737,10
2020-07-17,Brazil,RO,29117,686,463,9
2020-07-18,Brazil,RO,29117,686,0,0
2020-07-19,Brazil,RO,29117,686,0,0
2020-07-20,Brazil,RO,29801,710,684,24
2020-07-21,Brazil,RO,30642,727,841,17
2020-07-22,Brazil,RO,32944,758,2302,31
2020-07-23,Brazil,RO,34080,784,1136,26
2020-07-24,Brazil,RO,34873,801,793,17
2020-07-25,Brazil,RO,35573,810,700,9
2020-07-26,Brazil,RO,35810,814,237,4
2020-07-27,Brazil,RO,36148,830,338,16
2020-07-28,Brazil,RO,36849,840,701,10
2020-07-29,Brazil,RO,37634,855,785,15
2020-07-30,Brazil,RO,38407,864,773,9
2020-07-31,Brazil,RO,38992,872,585,8
2020-08-01,Brazil,RO,39504,881,512,9
2020-08-02,Brazil,RO,39893,884,389,3
2020-08-03,Brazil,RO,40016,888,123,4
2020-08-04,Brazil,RO,41239,898,1223,10
2020-08-05,Brazil,RO,42021,918,782,20
2020-08-06,Brazil,RO,42725,923,704,5
2020-08-07,Brazil,RO,43390,934,665,11
2020-08-08,Brazil,RO,43866,940,476,6
2020-08-09,Brazil,RO,44010,943,144,3
2020-08-10,Brazil,RO,44372,944,362,1
2020-08-11,Brazil,RO,45468,966,1096,22
2020-08-12,Brazil,RO,46061,981,593,15
2020-08-13,Brazil,RO,46676,993,615,12
2020-08-14,Brazil,RO,47288,1001,612,8
2020-08-15,Brazil,RO,47652,1012,364,11
2020-08-16,Brazil,RO,47837,1013,185,1
2020-08-17,Brazil,RO,48232,1017,395,4
2020-08-18,Brazil,RO,48923,1026,691,9
2020-08-19,Brazil,RO,49721,1037,798,11
2020-08-20,Brazil,RO,50147,1045,426,8
2020-08-21,Brazil,RO,50514,1050,367,5
2020-08-22,Brazil,RO,50995,1061,481,11
2020-08-23,Brazil,RO,51421,1065,426,4
2020-08-24,Brazil,RO,51791,1073,370,8
2020-08-25,Brazil,RO,52514,1087,723,14
2020-08-26,Brazil,RO,53119,1100,605,13
2020-08-27,Brazil,RO,53805,1109,686,9
2020-08-28,Brazil,RO,54205,1114,400,5
2020-08-29,Brazil,RO,54496,1125,291,11
2020-08-30,Brazil,RO,54679,1129,183,4
2020-08-31,Brazil,RO,55153,1148,474,19
2020-09-01,Brazil,RO,55768,1155,615,7
2020-09-02,Brazil,RO,56411,1161,643,6
2020-09-03,Brazil,RO,56618,1165,207,4
2020-09-04,Brazil,RO,57352,1172,734,7
2020-09-05,Brazil,RO,57865,1180,513,8
2020-09-06,Brazil,RO,58066,1185,201,5
2020-09-07,Brazil,RO,58237,1187,171,2
2020-09-08,Brazil,RO,58559,1193,322,6
2020-09-09,Brazil,RO,59196,1207,637,14
2020-09-10,Brazil,RO,59620,1217,424,10
2020-09-11,Brazil,RO,60038,1231,418,14
2020-09-12,Brazil,RO,60362,1240,324,9
2020-09-13,Brazil,RO,60484,1246,122,6
2020-09-14,Brazil,RO,60746,1253,262,7
2020-09-15,Brazil,RO,61260,1269,514,16
2020-09-16,Brazil,RO,61619,1277,359,8
2020-09-17,Brazil,RO,62158,1289,539,12
2020-09-18,Brazil,RO,62495,1294,337,5
2020-09-19,Brazil,RO,62697,1297,202,3
2020-09-20,Brazil,RO,62863,1300,166,3
2020-09-21,Brazil,RO,63267,1305,404,5
2020-09-22,Brazil,RO,63781,1312,514,7
2020-09-23,Brazil,RO,64306,1320,525,8
2020-09-24,Brazil,RO,64481,1323,175,3
2020-09-25,Brazil,RO,64732,1328,251,5
2020-09-26,Brazil,RO,64923,1333,191,5
2020-09-27,Brazil,RO,65208,1336,285,3
2020-09-28,Brazil,RO,65386,1340,178,4
2020-09-29,Brazil,RO,65673,1351,287,11
2020-09-30,Brazil,RO,65911,1357,238,6
2020-10-01,Brazil,RO,66261,1367,350,10
2020-10-02,Brazil,RO,66473,1368,212,1
2020-10-03,Brazil,RO,66576,1371,103,3
2020-10-04,Brazil,RO,66623,1371,47,0
2020-10-05,Brazil,RO,66783,1375,160,4
2020-10-06,Brazil,RO,67014,1384,231,9
2020-10-07,Brazil,RO,67181,1385,167,1
2020-10-08,Brazil,RO,67323,1390,142,5
2020-10-09,Brazil,RO,67479,1392,156,2
2020-10-10,Brazil,RO,67812,1396,333,4
2020-10-11,Brazil,RO,67940,1398,128,2
2020-10-12,Brazil,RO,67973,1398,33,0
2020-10-13,Brazil,RO,68126,1406,153,8
2020-10-14,Brazil,RO,68393,1411,267,5
2020-10-15,Brazil,RO,68612,1416,219,5
2020-10-16,Brazil,RO,68823,1421,211,5
2020-10-17,Brazil,RO,68907,1421,84,0
2020-10-18,Brazil,RO,68907,1421,0,0
2020-10-19,Brazil,RO,69213,1427,306,6
2020-10-20,Brazil,RO,69332,1429,119,2
2020-10-21,Brazil,RO,69531,1429,199,0
2020-10-22,Brazil,RO,69806,1430,275,1
2020-10-23,Brazil,RO,70041,1431,235,1
2020-10-24,Brazil,RO,70350,1434,309,3
2020-10-25,Brazil,RO,70461,1436,111,2
2020-10-26,Brazil,RO,70600,1442,139,6
2020-10-27,Brazil,RO,70887,1448,287,6
2020-10-28,Brazil,RO,71121,1449,234,1
2020-10-29,Brazil,RO,71351,1454,230,5
2020-10-30,Brazil,RO,71496,1455,145,1
2020-10-31,Brazil,RO,71666,1457,170,2
2020-11-01,Brazil,RO,71889,1457,223,0
2020-11-02,Brazil,RO,71953,1457,64,0
2020-11-03,Brazil,RO,72049,1460,96,3
2020-11-04,Brazil,RO,72295,1464,246,4
2020-11-05,Brazil,RO,72630,1470,335,6
2020-11-06,Brazil,RO,72827,1473,197,3
2020-11-07,Brazil,RO,73040,1474,213,1
2020-11-08,Brazil,RO,73311,1476,271,2
2020-11-09,Brazil,RO,73490,1478,179,2
2020-11-10,Brazil,RO,73688,1482,198,4
2020-11-11,Brazil,RO,73990,1486,302,4
2020-11-12,Brazil,RO,74248,1492,258,6
2020-11-13,Brazil,RO,74598,1497,350,5
2020-11-14,Brazil,RO,74981,1501,383,4
2020-11-15,Brazil,RO,75182,1501,201,0
2020-11-16,Brazil,RO,75468,1503,286,2
2020-11-17,Brazil,RO,75652,1508,184,5
2020-11-18,Brazil,RO,76019,1511,367,3
2020-11-19,Brazil,RO,76377,1513,358,2
2020-11-20,Brazil,RO,76729,1515,352,2
2020-11-21,Brazil,RO,77064,1516,335,1
2020-11-22,Brazil,RO,77348,1518,284,2
2020-11-23,Brazil,RO,77615,1522,267,4
2020-11-24,Brazil,RO,78189,1529,574,7
2020-11-25,Brazil,RO,78470,1534,281,5
2020-11-26,Brazil,RO,78788,1535,318,1
2020-11-27,Brazil,RO,78788,1535,0,0
2020-11-28,Brazil,RO,79765,1553,977,18
2020-11-29,Brazil,RO,80055,1555,290,2
2020-11-30,Brazil,RO,80538,1561,483,6
2020-12-01,Brazil,RO,80802,1567,264,6
2020-12-02,Brazil,RO,81322,1579,520,12
2020-12-03,Brazil,RO,81733,1586,411,7
2020-12-04,Brazil,RO,82064,1589,331,3
2020-12-05,Brazil,RO,82408,1593,344,4
2020-12-06,Brazil,RO,82909,1596,501,3
2020-12-07,Brazil,RO,83392,1604,483,8
2020-12-08,Brazil,RO,83959,1610,567,6
2020-12-09,Brazil,RO,84405,1617,446,7
2020-12-10,Brazil,RO,84919,1628,514,11
2020-12-11,Brazil,RO,85252,1633,333,5
2020-12-12,Brazil,RO,85410,1638,158,5
2020-12-13,Brazil,RO,85854,1642,444,4
2020-12-14,Brazil,RO,86118,1645,264,3
2020-12-15,Brazil,RO,86909,1655,791,10
2020-12-16,Brazil,RO,87397,1668,488,13
2020-12-17,Brazil,RO,87863,1681,466,13
2020-12-18,Brazil,RO,88410,1689,547,8
2020-12-19,Brazil,RO,88822,1697,412,8
2020-12-20,Brazil,RO,89047,1698,225,1
2020-12-21,Brazil,RO,89633,1708,586,10
2020-12-22,Brazil,RO,90835,1721,1202,13
2020-12-23,Brazil,RO,91574,1728,739,7
2020-12-24,Brazil,RO,92099,1732,525,4
2020-12-25,Brazil,RO,92381,1734,282,2
2020-12-26,Brazil,RO,92587,1743,206,9
2020-12-27,Brazil,RO,92775,1747,188,4
2020-12-28,Brazil,RO,93667,1765,892,18
2020-12-29,Brazil,RO,94354,1785,687,20
2020-12-30,Brazil,RO,95035,1805,681,20
2020-12-31,Brazil,RO,95729,1817,694,12
2021-01-01,Brazil,RO,95999,1822,270,5
2021-01-02,Brazil,RO,96433,1825,434,3
2021-01-03,Brazil,RO,96906,1832,473,7
2021-01-04,Brazil,RO,97197,1840,291,8
2021-01-05,Brazil,RO,97854,1852,657,12
2021-01-06,Brazil,RO,98811,1875,957,23
2021-01-07,Brazil,RO,99595,1890,784,15
2021-01-08,Brazil,RO,100343,1899,748,9
2021-01-09,Brazil,RO,101024,1908,681,9
2021-01-10,Brazil,RO,101588,1911,564,3
2021-01-11,Brazil,RO,102518,1926,930,15
2021-01-12,Brazil,RO,103798,1951,1280,25
2021-01-13,Brazil,RO,104737,1966,939,15
2021-01-14,Brazil,RO,105952,1976,1215,10
2021-01-15,Brazil,RO,107332,1993,1380,17
2021-01-16,Brazil,RO,108173,1999,841,6
2021-01-17,Brazil,RO,109056,2005,883,6
2021-01-18,Brazil,RO,110331,2031,1275,26
2021-01-19,Brazil,RO,111372,2044,1041,13
2021-01-20,Brazil,RO,112468,2056,1096,12
2021-01-21,Brazil,RO,113778,2070,1310,14
2021-01-22,Brazil,RO,115200,2085,1422,15
2021-01-23,Brazil,RO,116133,2097,933,12
2021-01-24,Brazil,RO,117101,2111,968,14
2021-01-25,Brazil,RO,118097,2128,996,17
2021-01-26,Brazil,RO,119336,2149,1239,21
2021-01-27,Brazil,RO,121005,2167,1669,18
2021-01-28,Brazil,RO,121975,2192,970,25
2021-01-29,Brazil,RO,123200,2216,1225,24
2021-01-30,Brazil,RO,123957,2229,757,13
2021-01-31,Brazil,RO,124663,2244,706,15
2021-02-01,Brazil,RO,125612,2259,949,15
2021-02-02,Brazil,RO,126766,2281,1154,22
2021-02-03,Brazil,RO,127713,2293,947,12
2021-02-04,Brazil,RO,128743,2314,1030,21
2021-02-05,Brazil,RO,129902,2326,1159,12
2021-02-06,Brazil,RO,130753,2341,851,15
2021-02-07,Brazil,RO,131172,2346,419,5
2021-02-08,Brazil,RO,132167,2369,995,23
2021-02-09,Brazil,RO,133113,2391,946,22
2021-02-10,Brazil,RO,133983,2433,870,42
2021-02-11,Brazil,RO,134697,2455,714,22
2021-02-12,Brazil,RO,135535,2482,838,27
2021-02-13,Brazil,RO,135784,2484,249,2
2021-02-14,Brazil,RO,136603,2509,819,25
2021-02-15,Brazil,RO,137384,2533,781,24
2021-02-16,Brazil,RO,138133,2561,749,28
2021-02-17,Brazil,RO,139250,2586,1117,25
2021-02-18,Brazil,RO,140205,2623,955,37
2021-02-19,Brazil,RO,141212,2667,1007,44
2021-02-20,Brazil,RO,141709,2685,497,18
2021-02-21,Brazil,RO,142222,2690,513,5
2021-02-22,Brazil,RO,143085,2721,863,31
2021-02-23,Brazil,RO,144184,2745,1099,24
2021-02-24,Brazil,RO,145427,2787,1243,42
2021-02-25,Brazil,RO,146426,2801,999,14
2021-02-26,Brazil,RO,147377,2817,951,16
2021-02-27,Brazil,RO,147999,2832,622,15
2021-02-28,Brazil,RO,148772,2850,773,18
2021-03-01,Brazil,RO,149513,2870,741,20
2021-03-02,Brazil,RO,151188,2916,1675,46
2021-03-03,Brazil,RO,152563,2944,1375,28
2021-03-04,Brazil,RO,154111,2991,1548,47
2021-03-05,Brazil,RO,155471,3040,1360,49
2021-03-06,Brazil,RO,156298,3067,827,27
2021-03-07,Brazil,RO,157002,3082,704,15
2021-03-08,Brazil,RO,158343,3148,1341,66
2021-03-09,Brazil,RO,159484,3180,1141,32
2021-03-10,Brazil,RO,161205,3240,1721,60
2021-03-11,Brazil,RO,162818,3278,1613,38
2021-03-12,Brazil,RO,164045,3313,1227,35
2021-03-13,Brazil,RO,164746,3346,701,33
2021-03-14,Brazil,RO,165438,3367,692,21
2021-03-15,Brazil,RO,166931,3415,1493,48
2021-03-16,Brazil,RO,168891,3464,1960,49
2021-03-17,Brazil,RO,170515,3519,1624,55
2021-03-18,Brazil,RO,171718,3553,1203,34
2021-03-19,Brazil,RO,173099,3589,1381,36
2021-03-20,Brazil,RO,174047,3642,948,53
2021-03-21,Brazil,RO,175187,3677,1140,35
2021-03-22,Brazil,RO,176207,3727,1020,50
2021-03-23,Brazil,RO,177652,3777,1445,50
2021-03-24,Brazil,RO,179178,3831,1526,54
2021-03-25,Brazil,RO,180348,3876,1170,45
