date,country,state,accumulated_num_cases,accumulated_num_deaths,new_num_cases,new_num_deaths
2020-02-25,Brazil,GO,0,0,0,0
2020-02-26,Brazil,GO,0,0,0,0
2020-02-27,Brazil,GO,0,0,0,0
2020-02-28,Brazil,GO,0,0,0,0
2020-02-29,Brazil,GO,0,0,0,0
2020-03-01,Brazil,GO,0,0,0,0
2020-03-02,Brazil,GO,0,0,0,0
2020-03-03,Brazil,GO,0,0,0,0
2020-03-04,Brazil,GO,0,0,0,0
2020-03-05,Brazil,GO,0,0,0,0
2020-03-06,Brazil,GO,0,0,0,0
2020-03-07,Brazil,GO,0,0,0,0
2020-03-08,Brazil,GO,0,0,0,0
2020-03-09,Brazil,GO,0,0,0,0
2020-03-10,Brazil,GO,0,0,0,0
2020-03-11,Brazil,GO,0,0,0,0
2020-03-12,Brazil,GO,3,0,3,0
2020-03-13,Brazil,GO,3,0,0,0
2020-03-14,Brazil,GO,4,0,1,0
2020-03-15,Brazil,GO,4,0,0,0
2020-03-16,Brazil,GO,9,0,5,0
2020-03-17,Brazil,GO,10,0,1,0
2020-03-18,Brazil,GO,12,0,2,0
2020-03-19,Brazil,GO,15,0,3,0
2020-03-20,Brazil,GO,18,0,3,0
2020-03-21,Brazil,GO,19,0,1,0
2020-03-22,Brazil,GO,21,0,2,0
2020-03-23,Brazil,GO,23,0,2,0
2020-03-24,Brazil,GO,29,0,6,0
2020-03-25,Brazil,GO,35,0,6,0
2020-03-26,Brazil,GO,38,1,3,1
2020-03-27,Brazil,GO,49,1,11,0
2020-03-28,Brazil,GO,56,1,7,0
2020-03-29,Brazil,GO,56,1,0,0
2020-03-30,Brazil,GO,60,1,4,0
2020-03-31,Brazil,GO,65,1,5,0
2020-04-01,Brazil,GO,73,1,8,0
2020-04-02,Brazil,GO,73,1,0,0
2020-04-03,Brazil,GO,88,2,15,1
2020-04-04,Brazil,GO,103,2,15,0
2020-04-05,Brazil,GO,115,3,12,1
2020-04-06,Brazil,GO,119,5,4,2
2020-04-07,Brazil,GO,133,5,14,0
2020-04-08,Brazil,GO,159,7,26,2
2020-04-09,Brazil,GO,179,7,20,0
2020-04-10,Brazil,GO,191,8,12,1
2020-04-11,Brazil,GO,209,10,18,2
2020-04-12,Brazil,GO,229,14,20,4
2020-04-13,Brazil,GO,233,15,4,1
2020-04-14,Brazil,GO,284,15,51,0
2020-04-15,Brazil,GO,304,15,20,0
2020-04-16,Brazil,GO,318,16,14,1
2020-04-17,Brazil,GO,335,16,17,0
2020-04-18,Brazil,GO,378,18,43,2
2020-04-19,Brazil,GO,393,18,15,0
2020-04-20,Brazil,GO,403,19,10,1
2020-04-21,Brazil,GO,421,19,18,0
2020-04-22,Brazil,GO,438,21,17,2
2020-04-23,Brazil,GO,453,23,15,2
2020-04-24,Brazil,GO,486,24,33,1
2020-04-25,Brazil,GO,506,25,20,1
2020-04-26,Brazil,GO,573,25,67,0
2020-04-27,Brazil,GO,616,26,43,1
2020-04-28,Brazil,GO,661,27,45,1
2020-04-29,Brazil,GO,705,27,44,0
2020-04-30,Brazil,GO,781,29,76,2
2020-05-01,Brazil,GO,808,29,27,0
2020-05-02,Brazil,GO,825,30,17,1
2020-05-03,Brazil,GO,850,30,25,0
2020-05-04,Brazil,GO,861,30,11,0
2020-05-05,Brazil,GO,922,38,61,8
2020-05-06,Brazil,GO,1024,45,102,7
2020-05-07,Brazil,GO,1027,44,3,-1
2020-05-08,Brazil,GO,1053,49,26,5
2020-05-09,Brazil,GO,1069,47,16,-2
2020-05-10,Brazil,GO,1093,47,24,0
2020-05-11,Brazil,GO,1100,49,7,2
2020-05-12,Brazil,GO,1115,52,15,3
2020-05-13,Brazil,GO,1225,61,110,9
2020-05-14,Brazil,GO,1460,67,235,6
2020-05-15,Brazil,GO,1605,67,145,0
2020-05-16,Brazil,GO,1652,69,47,2
2020-05-17,Brazil,GO,1692,70,40,1
2020-05-18,Brazil,GO,1781,73,89,3
2020-05-19,Brazil,GO,1880,73,99,0
2020-05-20,Brazil,GO,2049,78,169,5
2020-05-21,Brazil,GO,2155,85,106,7
2020-05-22,Brazil,GO,2344,95,189,10
2020-05-23,Brazil,GO,2435,95,91,0
2020-05-24,Brazil,GO,2488,95,53,0
2020-05-25,Brazil,GO,2515,96,27,1
2020-05-26,Brazil,GO,2706,104,191,8
2020-05-27,Brazil,GO,2906,108,200,4
2020-05-28,Brazil,GO,3101,115,195,7
2020-05-29,Brazil,GO,3521,119,420,4
2020-05-30,Brazil,GO,3609,124,88,5
2020-05-31,Brazil,GO,3726,124,117,0
2020-06-01,Brazil,GO,4017,127,291,3
2020-06-02,Brazil,GO,4486,155,469,28
2020-06-03,Brazil,GO,4701,159,215,4
2020-06-04,Brazil,GO,5102,164,401,5
2020-06-05,Brazil,GO,5605,167,503,3
2020-06-06,Brazil,GO,5770,172,165,5
2020-06-07,Brazil,GO,5857,173,87,1
2020-06-08,Brazil,GO,6302,173,445,0
2020-06-09,Brazil,GO,6936,184,634,11
2020-06-10,Brazil,GO,7380,189,444,5
2020-06-11,Brazil,GO,7774,194,394,5
2020-06-12,Brazil,GO,7926,206,152,12
2020-06-13,Brazil,GO,7941,211,15,5
2020-06-14,Brazil,GO,7960,216,19,5
2020-06-15,Brazil,GO,10441,238,2481,22
2020-06-16,Brazil,GO,11836,249,1395,11
2020-06-17,Brazil,GO,12776,255,940,6
2020-06-18,Brazil,GO,13665,275,889,20
2020-06-19,Brazil,GO,14540,289,875,14
2020-06-20,Brazil,GO,15450,295,910,6
2020-06-21,Brazil,GO,15904,306,454,11
2020-06-22,Brazil,GO,17085,324,1181,18
2020-06-23,Brazil,GO,18014,355,929,31
2020-06-24,Brazil,GO,19280,375,1266,20
2020-06-25,Brazil,GO,20377,384,1097,9
2020-06-26,Brazil,GO,21441,425,1064,41
2020-06-27,Brazil,GO,21865,434,424,9
2020-06-28,Brazil,GO,22165,436,300,2
2020-06-29,Brazil,GO,23379,467,1214,31
2020-06-30,Brazil,GO,24910,491,1531,24
2020-07-01,Brazil,GO,26145,521,1235,30
2020-07-02,Brazil,GO,26318,572,173,51
2020-07-03,Brazil,GO,27502,602,1184,30
2020-07-04,Brazil,GO,28526,621,1024,19
2020-07-05,Brazil,GO,28526,621,0,0
2020-07-06,Brazil,GO,30187,654,1661,33
2020-07-07,Brazil,GO,32001,726,1814,72
2020-07-08,Brazil,GO,33367,748,1366,22
2020-07-09,Brazil,GO,34627,795,1260,47
2020-07-10,Brazil,GO,35706,835,1079,40
2020-07-11,Brazil,GO,36273,847,567,12
2020-07-12,Brazil,GO,36556,851,283,4
2020-07-13,Brazil,GO,37333,880,777,29
2020-07-14,Brazil,GO,38299,910,966,30
2020-07-15,Brazil,GO,39474,959,1175,49
2020-07-16,Brazil,GO,40544,1018,1070,59
2020-07-17,Brazil,GO,40718,1051,174,33
2020-07-18,Brazil,GO,40768,1086,50,35
2020-07-19,Brazil,GO,40782,1106,14,20
2020-07-20,Brazil,GO,41433,1145,651,39
2020-07-21,Brazil,GO,45254,1178,3821,33
2020-07-22,Brazil,GO,48682,1237,3428,59
2020-07-23,Brazil,GO,51423,1295,2741,58
2020-07-24,Brazil,GO,54154,1353,2731,58
2020-07-25,Brazil,GO,55567,1380,1413,27
2020-07-26,Brazil,GO,56250,1395,683,15
2020-07-27,Brazil,GO,59043,1457,2793,62
2020-07-28,Brazil,GO,61613,1501,2570,44
2020-07-29,Brazil,GO,64250,1554,2637,53
2020-07-30,Brazil,GO,66899,1606,2649,52
2020-07-31,Brazil,GO,69249,1677,2350,71
2020-08-01,Brazil,GO,69820,1691,571,14
2020-08-02,Brazil,GO,70176,1701,356,10
2020-08-03,Brazil,GO,70252,1716,76,15
2020-08-04,Brazil,GO,75010,1817,4758,101
2020-08-05,Brazil,GO,78403,1888,3393,71
2020-08-06,Brazil,GO,81719,1924,3316,36
2020-08-07,Brazil,GO,84175,1974,2456,50
2020-08-08,Brazil,GO,84963,2017,788,43
2020-08-09,Brazil,GO,85154,2020,191,3
2020-08-10,Brazil,GO,88573,2072,3419,52
2020-08-11,Brazil,GO,91849,2122,3276,50
2020-08-12,Brazil,GO,95177,2182,3328,60
2020-08-13,Brazil,GO,98422,2238,3245,56
2020-08-14,Brazil,GO,100897,2286,2475,48
2020-08-15,Brazil,GO,101290,2314,393,28
2020-08-16,Brazil,GO,101919,2330,629,16
2020-08-17,Brazil,GO,104588,2378,2669,48
2020-08-18,Brazil,GO,107910,2464,3322,86
2020-08-19,Brazil,GO,110704,2516,2794,52
2020-08-20,Brazil,GO,111985,2625,1281,109
2020-08-21,Brazil,GO,114705,2688,2720,63
2020-08-22,Brazil,GO,116058,2735,1353,47
2020-08-23,Brazil,GO,116664,2743,606,8
2020-08-24,Brazil,GO,120223,2804,3559,61
2020-08-25,Brazil,GO,123306,2862,3083,58
2020-08-26,Brazil,GO,126420,2933,3114,71
2020-08-27,Brazil,GO,128241,2987,1821,54
2020-08-28,Brazil,GO,130208,3044,1967,57
2020-08-29,Brazil,GO,130541,3066,333,22
2020-08-30,Brazil,GO,130977,3089,436,23
2020-08-31,Brazil,GO,133796,3159,2819,70
2020-09-01,Brazil,GO,136741,3242,2945,83
2020-09-02,Brazil,GO,140192,3323,3451,81
2020-09-03,Brazil,GO,143793,3385,3601,62
2020-09-04,Brazil,GO,146441,3440,2648,55
2020-09-05,Brazil,GO,147485,3450,1044,10
2020-09-06,Brazil,GO,147717,3466,232,16
2020-09-07,Brazil,GO,147933,3481,216,15
2020-09-08,Brazil,GO,150865,3484,2932,3
2020-09-09,Brazil,GO,154755,3605,3890,121
2020-09-10,Brazil,GO,158548,3701,3793,96
2020-09-11,Brazil,GO,162204,3761,3656,60
2020-09-12,Brazil,GO,162936,3793,732,32
2020-09-13,Brazil,GO,163535,3805,599,12
2020-09-14,Brazil,GO,168026,3877,4491,72
2020-09-15,Brazil,GO,171120,3927,3094,50
2020-09-16,Brazil,GO,174796,3971,3676,44
2020-09-17,Brazil,GO,178413,4057,3617,86
2020-09-18,Brazil,GO,182554,4120,4141,63
2020-09-19,Brazil,GO,183481,4142,927,22
2020-09-20,Brazil,GO,184021,4158,540,16
2020-09-21,Brazil,GO,186596,4216,2575,58
2020-09-22,Brazil,GO,190362,4250,3766,34
2020-09-23,Brazil,GO,193827,4307,3465,57
2020-09-24,Brazil,GO,196862,4390,3035,83
2020-09-25,Brazil,GO,199325,4474,2463,84
2020-09-26,Brazil,GO,199717,4505,392,31
2020-09-27,Brazil,GO,200144,4522,427,17
2020-09-28,Brazil,GO,204932,4582,4788,60
2020-09-29,Brazil,GO,207859,4651,2927,69
2020-09-30,Brazil,GO,211240,4705,3381,54
2020-10-01,Brazil,GO,213580,4771,2340,66
2020-10-02,Brazil,GO,215764,4832,2184,61
2020-10-03,Brazil,GO,215938,4832,174,0
2020-10-04,Brazil,GO,216582,4867,644,35
2020-10-05,Brazil,GO,219323,4927,2741,60
2020-10-06,Brazil,GO,222589,4989,3266,62
2020-10-07,Brazil,GO,225054,5065,2465,76
2020-10-08,Brazil,GO,226656,5118,1602,53
2020-10-09,Brazil,GO,228426,5160,1770,42
2020-10-10,Brazil,GO,228714,5189,288,29
2020-10-11,Brazil,GO,228974,5199,260,10
2020-10-12,Brazil,GO,229149,5209,175,10
2020-10-13,Brazil,GO,231182,5252,2033,43
2020-10-14,Brazil,GO,233318,5289,2136,37
2020-10-15,Brazil,GO,235228,5333,1910,44
2020-10-16,Brazil,GO,236726,5374,1498,41
2020-10-17,Brazil,GO,236814,5374,88,0
2020-10-18,Brazil,GO,236814,5374,0,0
2020-10-19,Brazil,GO,239808,5432,2994,58
2020-10-20,Brazil,GO,240724,5466,916,34
2020-10-21,Brazil,GO,242134,5491,1410,25
2020-10-22,Brazil,GO,244712,5527,2578,36
2020-10-23,Brazil,GO,246521,5563,1809,36
2020-10-24,Brazil,GO,247143,5567,622,4
2020-10-25,Brazil,GO,247507,5578,364,11
2020-10-26,Brazil,GO,249341,5618,1834,40
2020-10-27,Brazil,GO,251717,5648,2376,30
2020-10-28,Brazil,GO,253510,5654,1793,6
2020-10-29,Brazil,GO,255088,5732,1578,78
2020-10-30,Brazil,GO,255362,5753,274,21
2020-10-31,Brazil,GO,255646,5755,284,2
2020-11-01,Brazil,GO,255959,5762,313,7
2020-11-02,Brazil,GO,256256,5762,297,0
2020-11-03,Brazil,GO,257422,5790,1166,28
2020-11-04,Brazil,GO,258331,5825,909,35
2020-11-05,Brazil,GO,260133,5869,1802,44
2020-11-06,Brazil,GO,261093,5874,960,5
2020-11-07,Brazil,GO,261347,5874,254,0
2020-11-08,Brazil,GO,261452,5874,105,0
2020-11-09,Brazil,GO,262722,5874,1270,0
2020-11-10,Brazil,GO,264271,5874,1549,0
2020-11-11,Brazil,GO,265131,5900,860,26
2020-11-12,Brazil,GO,266553,5936,1422,36
2020-11-13,Brazil,GO,267319,6029,766,93
2020-11-14,Brazil,GO,267540,6030,221,1
2020-11-15,Brazil,GO,267772,6035,232,5
2020-11-16,Brazil,GO,268997,6060,1225,25
2020-11-17,Brazil,GO,269805,6092,808,32
2020-11-18,Brazil,GO,270918,6130,1113,38
2020-11-19,Brazil,GO,272094,6201,1176,71
2020-11-20,Brazil,GO,272956,6224,862,23
2020-11-21,Brazil,GO,273234,6244,278,20
2020-11-22,Brazil,GO,273308,6245,74,1
2020-11-23,Brazil,GO,274139,6263,831,18
2020-11-24,Brazil,GO,275529,6281,1390,18
2020-11-25,Brazil,GO,276135,6300,606,19
2020-11-26,Brazil,GO,276943,6305,808,5
2020-11-27,Brazil,GO,278738,6339,1795,34
2020-11-28,Brazil,GO,278880,6348,142,9
2020-11-29,Brazil,GO,278960,6349,80,1
2020-11-30,Brazil,GO,279892,6373,932,24
2020-12-01,Brazil,GO,281635,6386,1743,13
2020-12-02,Brazil,GO,283442,6401,1807,15
2020-12-03,Brazil,GO,284568,6420,1126,19
2020-12-04,Brazil,GO,285824,6438,1256,18
2020-12-05,Brazil,GO,285971,6455,147,17
2020-12-06,Brazil,GO,286044,6460,73,5
2020-12-07,Brazil,GO,287245,6480,1201,20
2020-12-08,Brazil,GO,288822,6504,1577,24
2020-12-09,Brazil,GO,290107,6520,1285,16
2020-12-10,Brazil,GO,292282,6531,2175,11
2020-12-11,Brazil,GO,293418,6549,1136,18
2020-12-12,Brazil,GO,293418,6549,0,0
2020-12-13,Brazil,GO,293418,6549,0,0
2020-12-14,Brazil,GO,294282,6573,864,24
2020-12-15,Brazil,GO,296190,6586,1908,13
2020-12-16,Brazil,GO,298211,6631,2021,45
2020-12-17,Brazil,GO,299447,6651,1236,20
2020-12-18,Brazil,GO,300229,6659,782,8
2020-12-19,Brazil,GO,300284,6663,55,4
2020-12-20,Brazil,GO,300284,6663,0,0
2020-12-21,Brazil,GO,301502,6668,1218,5
2020-12-22,Brazil,GO,302698,6685,1196,17
2020-12-23,Brazil,GO,303903,6740,1205,55
2020-12-24,Brazil,GO,304175,6744,272,4
2020-12-25,Brazil,GO,304272,6748,97,4
2020-12-26,Brazil,GO,304442,6752,170,4
2020-12-27,Brazil,GO,304505,6753,63,1
2020-12-28,Brazil,GO,306395,6776,1890,23
2020-12-29,Brazil,GO,307686,6789,1291,13
2020-12-30,Brazil,GO,308840,6805,1154,16
2020-12-31,Brazil,GO,309110,6805,270,0
2021-01-01,Brazil,GO,309191,6805,81,0
2021-01-02,Brazil,GO,309320,6805,129,0
2021-01-03,Brazil,GO,309454,6805,134,0
2021-01-04,Brazil,GO,311067,6857,1613,52
2021-01-05,Brazil,GO,312124,6898,1057,41
2021-01-06,Brazil,GO,313755,6901,1631,3
2021-01-07,Brazil,GO,315563,6933,1808,32
2021-01-08,Brazil,GO,316852,6946,1289,13
2021-01-09,Brazil,GO,317166,6964,314,18
2021-01-10,Brazil,GO,317477,6965,311,1
2021-01-11,Brazil,GO,319768,6965,2291,0
2021-01-12,Brazil,GO,321948,7007,2180,42
2021-01-13,Brazil,GO,324064,7020,2116,13
2021-01-14,Brazil,GO,326130,7065,2066,45
2021-01-15,Brazil,GO,327821,7077,1691,12
2021-01-16,Brazil,GO,328062,7102,241,25
2021-01-17,Brazil,GO,328197,7102,135,0
2021-01-18,Brazil,GO,330106,7107,1909,5
2021-01-19,Brazil,GO,332391,7107,2285,0
2021-01-20,Brazil,GO,334271,7194,1880,87
2021-01-21,Brazil,GO,335649,7226,1378,32
2021-01-22,Brazil,GO,337857,7261,2208,35
2021-01-23,Brazil,GO,338076,7282,219,21
2021-01-24,Brazil,GO,338155,7286,79,4
2021-01-25,Brazil,GO,340899,7295,2744,9
2021-01-26,Brazil,GO,342816,7318,1917,23
2021-01-27,Brazil,GO,345682,7344,2866,26
2021-01-28,Brazil,GO,347895,7427,2213,83
2021-01-29,Brazil,GO,350257,7480,2362,53
2021-01-30,Brazil,GO,350440,7487,183,7
2021-01-31,Brazil,GO,350729,7486,289,-1
2021-02-01,Brazil,GO,352399,7499,1670,13
2021-02-02,Brazil,GO,354629,7549,2230,50
2021-02-03,Brazil,GO,356274,7599,1645,50
2021-02-04,Brazil,GO,358350,7653,2076,54
2021-02-05,Brazil,GO,360566,7685,2216,32
2021-02-06,Brazil,GO,360776,7707,210,22
2021-02-07,Brazil,GO,360873,7708,97,1
2021-02-08,Brazil,GO,362898,7725,2025,17
2021-02-09,Brazil,GO,365244,7767,2346,42
2021-02-10,Brazil,GO,367415,7821,2171,54
2021-02-11,Brazil,GO,369203,7901,1788,80
2021-02-12,Brazil,GO,370773,7955,1570,54
2021-02-13,Brazil,GO,371169,7961,396,6
2021-02-14,Brazil,GO,371545,7966,376,5
2021-02-15,Brazil,GO,373530,8027,1985,61
2021-02-16,Brazil,GO,374495,8062,965,35
2021-02-17,Brazil,GO,376313,8133,1818,71
2021-02-18,Brazil,GO,378080,8203,1767,70
2021-02-19,Brazil,GO,379911,8267,1831,64
2021-02-20,Brazil,GO,380094,8278,183,11
2021-02-21,Brazil,GO,380286,8288,192,10
2021-02-22,Brazil,GO,383150,8331,2864,43
2021-02-23,Brazil,GO,385847,8383,2697,52
2021-02-24,Brazil,GO,388554,8431,2707,48
2021-02-25,Brazil,GO,391196,8452,2642,21
2021-02-26,Brazil,GO,395386,8500,4190,48
2021-02-27,Brazil,GO,395714,8517,328,17
2021-02-28,Brazil,GO,395916,8520,202,3
2021-03-01,Brazil,GO,398652,8545,2736,25
2021-03-02,Brazil,GO,402554,8678,3902,133
2021-03-03,Brazil,GO,406579,8713,4025,35
2021-03-04,Brazil,GO,410024,8831,3445,118
2021-03-05,Brazil,GO,412205,8881,2181,50
2021-03-06,Brazil,GO,412281,8903,76,22
2021-03-07,Brazil,GO,413189,8936,908,33
2021-03-08,Brazil,GO,416763,9012,3574,76
2021-03-09,Brazil,GO,419939,9012,3176,0
2021-03-10,Brazil,GO,424259,9283,4320,271
2021-03-11,Brazil,GO,428581,9403,4322,120
2021-03-12,Brazil,GO,431294,9508,2713,105
2021-03-13,Brazil,GO,433095,9547,1801,39
2021-03-14,Brazil,GO,434711,9581,1616,34
2021-03-15,Brazil,GO,439021,9722,4310,141
2021-03-16,Brazil,GO,442724,9885,3703,163
2021-03-17,Brazil,GO,445591,9976,2867,91
2021-03-18,Brazil,GO,448848,10156,3257,180
2021-03-19,Brazil,GO,451016,10234,2168,78
2021-03-20,Brazil,GO,451591,10329,575,95
2021-03-21,Brazil,GO,452440,10364,849,35
2021-03-22,Brazil,GO,455997,10534,3557,170
2021-03-23,Brazil,GO,461262,10599,5265,65
2021-03-24,Brazil,GO,466024,10653,4762,54
2021-03-25,Brazil,GO,470572,10874,4548,221
2021-03-26,Brazil,GO,474062,11048,3490,174
2021-03-27,Brazil,GO,474707,11118,645,70
