date,country,state,accumulated_num_cases,accumulated_num_deaths,new_num_cases,new_num_deaths
2020-02-25,Brazil,AC,0,0,0,0
2020-02-26,Brazil,AC,0,0,0,0
2020-02-27,Brazil,AC,0,0,0,0
2020-02-28,Brazil,AC,0,0,0,0
2020-02-29,Brazil,AC,0,0,0,0
2020-03-01,Brazil,AC,0,0,0,0
2020-03-02,Brazil,AC,0,0,0,0
2020-03-03,Brazil,AC,0,0,0,0
2020-03-04,Brazil,AC,0,0,0,0
2020-03-05,Brazil,AC,0,0,0,0
2020-03-06,Brazil,AC,0,0,0,0
2020-03-07,Brazil,AC,0,0,0,0
2020-03-08,Brazil,AC,0,0,0,0
2020-03-09,Brazil,AC,0,0,0,0
2020-03-10,Brazil,AC,0,0,0,0
2020-03-11,Brazil,AC,0,0,0,0
2020-03-12,Brazil,AC,0,0,0,0
2020-03-13,Brazil,AC,0,0,0,0
2020-03-14,Brazil,AC,0,0,0,0
2020-03-15,Brazil,AC,0,0,0,0
2020-03-16,Brazil,AC,0,0,0,0
2020-03-17,Brazil,AC,3,0,3,0
2020-03-18,Brazil,AC,3,0,0,0
2020-03-19,Brazil,AC,4,0,1,0
2020-03-20,Brazil,AC,7,0,3,0
2020-03-21,Brazil,AC,11,0,4,0
2020-03-22,Brazil,AC,11,0,0,0
2020-03-23,Brazil,AC,17,0,6,0
2020-03-24,Brazil,AC,21,0,4,0
2020-03-25,Brazil,AC,23,0,2,0
2020-03-26,Brazil,AC,23,0,0,0
2020-03-27,Brazil,AC,25,0,2,0
2020-03-28,Brazil,AC,25,0,0,0
2020-03-29,Brazil,AC,34,0,9,0
2020-03-30,Brazil,AC,41,0,7,0
2020-03-31,Brazil,AC,42,0,1,0
2020-04-01,Brazil,AC,43,0,1,0
2020-04-02,Brazil,AC,45,0,2,0
2020-04-03,Brazil,AC,46,0,1,0
2020-04-04,Brazil,AC,46,0,0,0
2020-04-05,Brazil,AC,48,0,2,0
2020-04-06,Brazil,AC,50,1,2,1
2020-04-07,Brazil,AC,50,2,0,1
2020-04-08,Brazil,AC,58,2,8,0
2020-04-09,Brazil,AC,62,2,4,0
2020-04-10,Brazil,AC,70,2,8,0
2020-04-11,Brazil,AC,72,2,2,0
2020-04-12,Brazil,AC,77,2,5,0
2020-04-13,Brazil,AC,90,3,13,1
2020-04-14,Brazil,AC,99,3,9,0
2020-04-15,Brazil,AC,101,4,2,1
2020-04-16,Brazil,AC,115,5,14,1
2020-04-17,Brazil,AC,135,5,20,0
2020-04-18,Brazil,AC,142,6,7,1
2020-04-19,Brazil,AC,163,6,21,0
2020-04-20,Brazil,AC,176,8,13,2
2020-04-21,Brazil,AC,195,8,19,0
2020-04-22,Brazil,AC,214,8,19,0
2020-04-23,Brazil,AC,227,10,13,2
2020-04-24,Brazil,AC,234,11,7,1
2020-04-25,Brazil,AC,258,11,24,0
2020-04-26,Brazil,AC,279,11,21,0
2020-04-27,Brazil,AC,301,14,22,3
2020-04-28,Brazil,AC,317,16,16,2
2020-04-29,Brazil,AC,354,18,37,2
2020-04-30,Brazil,AC,404,19,50,1
2020-05-01,Brazil,AC,487,19,83,0
2020-05-02,Brazil,AC,553,22,66,3
2020-05-03,Brazil,AC,658,25,105,3
2020-05-04,Brazil,AC,733,28,75,3
2020-05-05,Brazil,AC,817,29,84,1
2020-05-06,Brazil,AC,943,35,126,6
2020-05-07,Brazil,AC,1014,36,71,1
2020-05-08,Brazil,AC,1177,38,163,2
2020-05-09,Brazil,AC,1335,40,158,2
2020-05-10,Brazil,AC,1447,41,112,1
2020-05-11,Brazil,AC,1460,44,13,3
2020-05-12,Brazil,AC,1590,51,130,7
2020-05-13,Brazil,AC,1694,52,104,1
2020-05-14,Brazil,AC,1740,55,46,3
2020-05-15,Brazil,AC,1785,57,45,2
2020-05-16,Brazil,AC,1867,59,82,2
2020-05-17,Brazil,AC,1996,62,129,3
2020-05-18,Brazil,AC,2234,67,238,5
2020-05-19,Brazil,AC,2482,73,248,6
2020-05-20,Brazil,AC,2817,75,335,2
2020-05-21,Brazil,AC,3103,78,286,3
2020-05-22,Brazil,AC,3343,80,240,2
2020-05-23,Brazil,AC,3867,87,524,7
2020-05-24,Brazil,AC,4160,92,293,5
2020-05-25,Brazil,AC,4501,97,341,5
2020-05-26,Brazil,AC,4781,105,280,8
2020-05-27,Brazil,AC,5251,113,470,8
2020-05-28,Brazil,AC,5600,122,349,9
2020-05-29,Brazil,AC,5841,135,241,13
2020-05-30,Brazil,AC,6072,142,231,7
2020-05-31,Brazil,AC,6219,148,147,6
2020-06-01,Brazil,AC,6326,161,107,13
2020-06-02,Brazil,AC,6465,165,139,4
2020-06-03,Brazil,AC,6679,171,214,6
2020-06-04,Brazil,AC,7021,181,342,10
2020-06-05,Brazil,AC,7284,190,263,9
2020-06-06,Brazil,AC,7525,201,241,11
2020-06-07,Brazil,AC,7983,207,458,6
2020-06-08,Brazil,AC,8127,211,144,4
2020-06-09,Brazil,AC,8457,223,330,12
2020-06-10,Brazil,AC,8746,237,289,14
2020-06-11,Brazil,AC,9091,245,345,8
2020-06-12,Brazil,AC,9295,254,204,9
2020-06-13,Brazil,AC,9534,256,239,2
2020-06-14,Brazil,AC,9642,259,108,3
2020-06-15,Brazil,AC,9771,265,129,6
2020-06-16,Brazil,AC,10003,271,232,6
2020-06-17,Brazil,AC,10339,281,336,10
2020-06-18,Brazil,AC,10664,287,325,6
2020-06-19,Brazil,AC,10987,292,323,5
2020-06-20,Brazil,AC,11263,297,276,5
2020-06-21,Brazil,AC,11381,300,118,3
2020-06-22,Brazil,AC,11539,305,158,5
2020-06-23,Brazil,AC,11810,321,271,16
2020-06-24,Brazil,AC,12022,326,212,5
2020-06-25,Brazil,AC,12304,335,282,9
2020-06-26,Brazil,AC,12644,343,340,8
2020-06-27,Brazil,AC,12913,351,269,8
2020-06-28,Brazil,AC,13058,353,145,2
2020-06-29,Brazil,AC,13146,361,88,8
2020-06-30,Brazil,AC,13253,365,107,4
2020-07-01,Brazil,AC,13715,370,462,5
2020-07-02,Brazil,AC,14048,378,333,8
2020-07-03,Brazil,AC,14112,387,64,9
2020-07-04,Brazil,AC,14487,391,375,4
2020-07-05,Brazil,AC,14622,391,135,0
2020-07-06,Brazil,AC,14688,394,66,3
2020-07-07,Brazil,AC,14941,399,253,5
2020-07-08,Brazil,AC,15167,404,226,5
2020-07-09,Brazil,AC,15465,411,298,7
2020-07-10,Brazil,AC,15768,417,303,6
2020-07-11,Brazil,AC,16080,419,312,2
2020-07-12,Brazil,AC,16190,426,110,7
2020-07-13,Brazil,AC,16260,430,70,4
2020-07-14,Brazil,AC,16479,436,219,6
2020-07-15,Brazil,AC,16672,446,193,10
2020-07-16,Brazil,AC,16865,447,193,1
2020-07-17,Brazil,AC,16965,452,100,5
2020-07-18,Brazil,AC,17202,457,237,5
2020-07-19,Brazil,AC,17295,460,93,3
2020-07-20,Brazil,AC,17462,465,167,5
2020-07-21,Brazil,AC,17700,469,238,4
2020-07-22,Brazil,AC,17979,470,279,1
2020-07-23,Brazil,AC,18157,474,178,4
2020-07-24,Brazil,AC,18393,480,236,6
2020-07-25,Brazil,AC,18657,483,264,3
2020-07-26,Brazil,AC,18745,486,88,3
2020-07-27,Brazil,AC,18783,493,38,7
2020-07-28,Brazil,AC,19132,500,349,7
2020-07-29,Brazil,AC,19366,510,234,10
2020-07-30,Brazil,AC,19573,521,207,11
2020-07-31,Brazil,AC,19625,531,52,10
2020-08-01,Brazil,AC,19930,535,305,4
2020-08-02,Brazil,AC,19966,537,36,2
2020-08-03,Brazil,AC,20339,539,373,2
2020-08-04,Brazil,AC,20710,545,371,6
2020-08-05,Brazil,AC,21033,547,323,2
2020-08-06,Brazil,AC,21263,552,230,5
2020-08-07,Brazil,AC,21376,556,113,4
2020-08-08,Brazil,AC,21498,559,122,3
2020-08-09,Brazil,AC,21587,561,89,2
2020-08-10,Brazil,AC,21619,562,32,1
2020-08-11,Brazil,AC,21757,565,138,3
2020-08-12,Brazil,AC,21993,569,236,4
2020-08-13,Brazil,AC,22242,574,249,5
2020-08-14,Brazil,AC,22435,576,193,2
2020-08-15,Brazil,AC,22516,576,81,0
2020-08-16,Brazil,AC,22548,576,32,0
2020-08-17,Brazil,AC,22605,582,57,6
2020-08-18,Brazil,AC,22933,590,328,8
2020-08-19,Brazil,AC,23146,591,213,1
2020-08-20,Brazil,AC,23322,595,176,4
2020-08-21,Brazil,AC,23337,598,15,3
2020-08-22,Brazil,AC,23665,598,328,0
2020-08-23,Brazil,AC,23719,600,54,2
2020-08-24,Brazil,AC,23729,604,10,4
2020-08-25,Brazil,AC,23936,607,207,3
2020-08-26,Brazil,AC,24119,607,183,0
2020-08-27,Brazil,AC,24269,607,150,0
2020-08-28,Brazil,AC,24462,608,193,1
2020-08-29,Brazil,AC,24601,608,139,0
2020-08-30,Brazil,AC,24638,609,37,1
2020-08-31,Brazil,AC,24647,612,9,3
2020-09-01,Brazil,AC,24840,616,193,4
2020-09-02,Brazil,AC,25027,618,187,2
2020-09-03,Brazil,AC,25135,622,108,4
2020-09-04,Brazil,AC,25249,623,114,1
2020-09-05,Brazil,AC,25408,624,159,1
2020-09-06,Brazil,AC,25443,624,35,0
2020-09-07,Brazil,AC,25469,624,26,0
2020-09-08,Brazil,AC,25494,630,25,6
2020-09-09,Brazil,AC,25668,631,174,1
2020-09-10,Brazil,AC,25877,635,209,4
2020-09-11,Brazil,AC,26004,636,127,1
2020-09-12,Brazil,AC,26148,637,144,1
2020-09-13,Brazil,AC,26166,640,18,3
2020-09-14,Brazil,AC,26176,640,10,0
2020-09-15,Brazil,AC,26287,642,111,2
2020-09-16,Brazil,AC,26463,643,176,1
2020-09-17,Brazil,AC,26716,646,253,3
2020-09-18,Brazil,AC,26942,647,226,1
2020-09-19,Brazil,AC,27061,648,119,1
2020-09-20,Brazil,AC,27079,649,18,1
2020-09-21,Brazil,AC,27106,649,27,0
2020-09-22,Brazil,AC,27246,651,140,2
2020-09-23,Brazil,AC,27397,652,151,1
2020-09-24,Brazil,AC,27556,653,159,1
2020-09-25,Brazil,AC,27710,654,154,1
2020-09-26,Brazil,AC,27859,656,149,2
2020-09-27,Brazil,AC,27874,657,15,1
2020-09-28,Brazil,AC,27885,657,11,0
2020-09-29,Brazil,AC,28030,657,145,0
2020-09-30,Brazil,AC,28222,659,192,2
2020-10-01,Brazil,AC,28409,661,187,2
2020-10-02,Brazil,AC,28555,664,146,3
2020-10-03,Brazil,AC,28662,667,107,3
2020-10-04,Brazil,AC,28672,667,10,0
2020-10-05,Brazil,AC,28687,667,15,0
2020-10-06,Brazil,AC,28805,668,118,1
2020-10-07,Brazil,AC,28818,668,13,0
2020-10-08,Brazil,AC,28834,669,16,1
2020-10-09,Brazil,AC,29017,674,183,5
2020-10-10,Brazil,AC,29031,674,14,0
2020-10-11,Brazil,AC,29050,674,19,0
2020-10-12,Brazil,AC,29063,675,13,1
2020-10-13,Brazil,AC,29272,675,209,0
2020-10-14,Brazil,AC,29301,676,29,1
2020-10-15,Brazil,AC,29406,677,105,1
2020-10-16,Brazil,AC,29598,679,192,2
2020-10-17,Brazil,AC,29693,679,95,0
2020-10-18,Brazil,AC,29718,679,25,0
2020-10-19,Brazil,AC,29765,679,47,0
2020-10-20,Brazil,AC,29865,682,100,3
2020-10-21,Brazil,AC,29925,682,60,0
2020-10-22,Brazil,AC,30028,685,103,3
2020-10-23,Brazil,AC,30121,686,93,1
2020-10-24,Brazil,AC,30217,686,96,0
2020-10-25,Brazil,AC,30304,687,87,1
2020-10-26,Brazil,AC,30317,689,13,2
2020-10-27,Brazil,AC,30380,690,63,1
2020-10-28,Brazil,AC,30545,691,165,1
2020-10-29,Brazil,AC,30638,692,93,1
2020-10-30,Brazil,AC,30758,693,120,1
2020-10-31,Brazil,AC,30796,693,38,0
2020-11-01,Brazil,AC,30951,693,155,0
2020-11-02,Brazil,AC,30954,693,3,0
2020-11-03,Brazil,AC,30962,695,8,2
2020-11-04,Brazil,AC,31218,696,256,1
2020-11-05,Brazil,AC,31248,697,30,1
2020-11-06,Brazil,AC,31326,697,78,0
2020-11-07,Brazil,AC,31575,699,249,2
2020-11-08,Brazil,AC,31707,699,132,0
2020-11-09,Brazil,AC,31788,701,81,2
2020-11-10,Brazil,AC,31926,704,138,3
2020-11-11,Brazil,AC,32113,705,187,1
2020-11-12,Brazil,AC,32515,707,402,2
2020-11-13,Brazil,AC,32661,707,146,0
2020-11-14,Brazil,AC,32991,708,330,1
2020-11-15,Brazil,AC,33156,708,165,0
2020-11-16,Brazil,AC,33295,708,139,0
2020-11-17,Brazil,AC,33475,709,180,1
2020-11-18,Brazil,AC,33725,709,250,0
2020-11-19,Brazil,AC,33976,710,251,1
2020-11-20,Brazil,AC,34246,711,270,1
2020-11-21,Brazil,AC,34435,713,189,2
2020-11-22,Brazil,AC,34626,713,191,0
2020-11-23,Brazil,AC,34849,714,223,1
2020-11-24,Brazil,AC,35053,715,204,1
2020-11-25,Brazil,AC,35188,721,135,6
2020-11-26,Brazil,AC,35304,722,116,1
2020-11-27,Brazil,AC,35756,722,452,0
2020-11-28,Brazil,AC,35920,723,164,1
2020-11-29,Brazil,AC,36080,723,160,0
2020-11-30,Brazil,AC,36259,723,179,0
2020-12-01,Brazil,AC,36563,726,304,3
2020-12-02,Brazil,AC,36746,727,183,1
2020-12-03,Brazil,AC,36899,730,153,3
2020-12-04,Brazil,AC,37152,731,253,1
2020-12-05,Brazil,AC,37277,732,125,1
2020-12-06,Brazil,AC,37321,732,44,0
2020-12-07,Brazil,AC,37428,736,107,4
2020-12-08,Brazil,AC,37556,737,128,1
2020-12-09,Brazil,AC,37672,742,116,5
2020-12-10,Brazil,AC,37902,744,230,2
2020-12-11,Brazil,AC,38150,747,248,3
2020-12-12,Brazil,AC,38363,749,213,2
2020-12-13,Brazil,AC,38412,750,49,1
2020-12-14,Brazil,AC,38628,753,216,3
2020-12-15,Brazil,AC,38712,755,84,2
2020-12-16,Brazil,AC,38938,756,226,1
2020-12-17,Brazil,AC,39166,756,228,0
2020-12-18,Brazil,AC,39341,757,175,1
2020-12-19,Brazil,AC,39869,758,528,1
2020-12-20,Brazil,AC,39996,765,127,7
2020-12-21,Brazil,AC,40249,767,253,2
2020-12-22,Brazil,AC,40314,769,65,2
2020-12-23,Brazil,AC,40399,776,85,7
2020-12-24,Brazil,AC,40638,779,239,3
2020-12-25,Brazil,AC,40723,780,85,1
2020-12-26,Brazil,AC,40736,780,13,0
2020-12-27,Brazil,AC,40900,785,164,5
2020-12-28,Brazil,AC,41010,789,110,4
2020-12-29,Brazil,AC,41232,791,222,2
2020-12-30,Brazil,AC,41355,793,123,2
2020-12-31,Brazil,AC,41620,795,265,2
2021-01-01,Brazil,AC,41689,796,69,1
2021-01-02,Brazil,AC,41941,798,252,2
2021-01-03,Brazil,AC,42046,802,105,4
2021-01-04,Brazil,AC,42117,806,71,4
2021-01-05,Brazil,AC,42170,808,53,2
2021-01-06,Brazil,AC,42378,814,208,6
2021-01-07,Brazil,AC,42478,821,100,7
2021-01-08,Brazil,AC,42814,823,336,2
2021-01-09,Brazil,AC,42908,823,94,0
2021-01-10,Brazil,AC,43127,825,219,2
2021-01-11,Brazil,AC,43346,826,219,1
2021-01-12,Brazil,AC,43432,827,86,1
2021-01-13,Brazil,AC,43785,829,353,2
2021-01-14,Brazil,AC,44068,832,283,3
2021-01-15,Brazil,AC,44156,835,88,3
2021-01-16,Brazil,AC,44621,835,465,0
2021-01-17,Brazil,AC,44767,836,146,1
2021-01-18,Brazil,AC,44775,837,8,1
2021-01-19,Brazil,AC,45208,839,433,2
2021-01-20,Brazil,AC,45429,840,221,1
2021-01-21,Brazil,AC,45729,844,300,4
2021-01-22,Brazil,AC,45987,846,258,2
2021-01-23,Brazil,AC,46239,848,252,2
2021-01-24,Brazil,AC,46429,850,190,2
2021-01-25,Brazil,AC,46539,854,110,4
2021-01-26,Brazil,AC,46774,856,235,2
2021-01-27,Brazil,AC,47119,858,345,2
2021-01-28,Brazil,AC,47461,860,342,2
2021-01-29,Brazil,AC,47936,861,475,1
2021-01-30,Brazil,AC,48347,864,411,3
2021-01-31,Brazil,AC,48467,867,120,3
2021-02-01,Brazil,AC,48820,873,353,6
2021-02-02,Brazil,AC,49049,876,229,3
2021-02-03,Brazil,AC,49547,879,498,3
2021-02-04,Brazil,AC,49944,882,397,3
2021-02-05,Brazil,AC,50122,884,178,2
2021-02-06,Brazil,AC,50454,886,332,2
2021-02-07,Brazil,AC,50546,888,92,2
2021-02-08,Brazil,AC,50694,893,148,5
2021-02-09,Brazil,AC,51269,900,575,7
2021-02-10,Brazil,AC,51679,902,410,2
2021-02-11,Brazil,AC,52172,907,493,5
2021-02-12,Brazil,AC,52548,910,376,3
2021-02-13,Brazil,AC,52920,917,372,7
2021-02-14,Brazil,AC,53027,921,107,4
2021-02-15,Brazil,AC,53455,931,428,10
2021-02-16,Brazil,AC,53590,932,135,1
2021-02-17,Brazil,AC,53892,940,302,8
2021-02-18,Brazil,AC,54130,948,238,8
2021-02-19,Brazil,AC,54562,951,432,3
2021-02-20,Brazil,AC,54743,957,181,6
2021-02-21,Brazil,AC,54786,963,43,6
2021-02-22,Brazil,AC,54969,968,183,5
2021-02-23,Brazil,AC,55590,973,621,5
2021-02-24,Brazil,AC,55881,975,291,2
2021-02-25,Brazil,AC,56257,982,376,7
2021-02-26,Brazil,AC,56731,986,474,4
2021-02-27,Brazil,AC,57337,996,606,10
2021-02-28,Brazil,AC,57534,998,197,2
2021-03-01,Brazil,AC,57894,1012,360,14
2021-03-02,Brazil,AC,58081,1020,187,8
2021-03-03,Brazil,AC,58506,1030,425,10
2021-03-04,Brazil,AC,58884,1037,378,7
2021-03-05,Brazil,AC,59500,1047,616,10
2021-03-06,Brazil,AC,60070,1054,570,7
2021-03-07,Brazil,AC,60288,1063,218,9
2021-03-08,Brazil,AC,60656,1066,368,3
2021-03-09,Brazil,AC,60721,1071,65,5
2021-03-10,Brazil,AC,61121,1083,400,12
2021-03-11,Brazil,AC,61394,1094,273,11
2021-03-12,Brazil,AC,61709,1106,315,12
2021-03-13,Brazil,AC,62332,1116,623,10
2021-03-14,Brazil,AC,62620,1122,288,6
2021-03-15,Brazil,AC,62940,1129,320,7
2021-03-16,Brazil,AC,63378,1140,438,11
2021-03-17,Brazil,AC,63721,1144,343,4
2021-03-18,Brazil,AC,64234,1156,513,12
2021-03-19,Brazil,AC,64878,1168,644,12
2021-03-20,Brazil,AC,65275,1176,397,8
2021-03-21,Brazil,AC,65446,1181,171,5
2021-03-22,Brazil,AC,65959,1190,513,9
2021-03-23,Brazil,AC,66290,1201,331,11
2021-03-24,Brazil,AC,66744,1210,454,9
2021-03-25,Brazil,AC,67292,1217,548,7
2021-03-26,Brazil,AC,67777,1224,485,7
2021-03-27,Brazil,AC,68575,1229,798,5
2021-03-28,Brazil,AC,68742,1234,167,5
2021-03-29,Brazil,AC,68905,1240,163,6
2021-03-30,Brazil,AC,69103,1253,198,13
2021-03-31,Brazil,AC,69657,1262,554,9
2021-04-01,Brazil,AC,69988,1269,331,7
2021-04-02,Brazil,AC,70851,1280,863,11
2021-04-03,Brazil,AC,71062,1284,211,4
2021-04-04,Brazil,AC,71157,1291,95,7
2021-04-05,Brazil,AC,71330,1298,173,7
2021-04-06,Brazil,AC,71420,1306,90,8
2021-04-07,Brazil,AC,71880,1318,460,12
2021-04-08,Brazil,AC,72403,1325,523,7
2021-04-09,Brazil,AC,72897,1334,494,9
2021-04-10,Brazil,AC,73275,1339,378,5
2021-04-11,Brazil,AC,73425,1343,150,4
2021-04-12,Brazil,AC,73613,1353,188,10
2021-04-13,Brazil,AC,74007,1367,394,14
2021-04-14,Brazil,AC,74533,1374,526,7
2021-04-15,Brazil,AC,74664,1383,131,9
2021-04-16,Brazil,AC,75047,1395,383,12
2021-04-17,Brazil,AC,75334,1405,287,10
2021-04-18,Brazil,AC,75405,1418,71,13
2021-04-19,Brazil,AC,75599,1433,194,15
2021-04-20,Brazil,AC,75640,1445,41,12
2021-04-21,Brazil,AC,75879,1449,239,4
