date,country,state,accumulated_num_cases,accumulated_num_deaths,new_num_cases,new_num_deaths
2020-02-25,Brazil,PE,0,0,0,0
2020-02-26,Brazil,PE,0,0,0,0
2020-02-27,Brazil,PE,0,0,0,0
2020-02-28,Brazil,PE,0,0,0,0
2020-02-29,Brazil,PE,0,0,0,0
2020-03-01,Brazil,PE,0,0,0,0
2020-03-02,Brazil,PE,0,0,0,0
2020-03-03,Brazil,PE,0,0,0,0
2020-03-04,Brazil,PE,0,0,0,0
2020-03-05,Brazil,PE,0,0,0,0
2020-03-06,Brazil,PE,0,0,0,0
2020-03-07,Brazil,PE,0,0,0,0
2020-03-08,Brazil,PE,0,0,0,0
2020-03-09,Brazil,PE,0,0,0,0
2020-03-10,Brazil,PE,0,0,0,0
2020-03-11,Brazil,PE,0,0,0,0
2020-03-12,Brazil,PE,2,0,2,0
2020-03-13,Brazil,PE,2,0,0,0
2020-03-14,Brazil,PE,7,0,5,0
2020-03-15,Brazil,PE,8,0,1,0
2020-03-16,Brazil,PE,8,0,0,0
2020-03-17,Brazil,PE,18,0,10,0
2020-03-18,Brazil,PE,19,0,1,0
2020-03-19,Brazil,PE,28,0,9,0
2020-03-20,Brazil,PE,31,0,3,0
2020-03-21,Brazil,PE,33,0,2,0
2020-03-22,Brazil,PE,37,0,4,0
2020-03-23,Brazil,PE,42,0,5,0
2020-03-24,Brazil,PE,42,0,0,0
2020-03-25,Brazil,PE,46,1,4,1
2020-03-26,Brazil,PE,48,3,2,2
2020-03-27,Brazil,PE,57,4,9,1
2020-03-28,Brazil,PE,68,5,11,1
2020-03-29,Brazil,PE,73,5,5,0
2020-03-30,Brazil,PE,77,6,4,1
2020-03-31,Brazil,PE,87,6,10,0
2020-04-01,Brazil,PE,95,8,8,2
2020-04-02,Brazil,PE,106,9,11,1
2020-04-03,Brazil,PE,136,10,30,1
2020-04-04,Brazil,PE,176,14,40,4
2020-04-05,Brazil,PE,201,21,25,7
2020-04-06,Brazil,PE,223,30,22,9
2020-04-07,Brazil,PE,352,34,129,4
2020-04-08,Brazil,PE,401,46,49,12
2020-04-09,Brazil,PE,555,56,154,10
2020-04-10,Brazil,PE,684,65,129,9
2020-04-11,Brazil,PE,816,72,132,7
2020-04-12,Brazil,PE,960,85,144,13
2020-04-13,Brazil,PE,1154,102,194,17
2020-04-14,Brazil,PE,1284,115,130,13
2020-04-15,Brazil,PE,1484,143,200,28
2020-04-16,Brazil,PE,1683,160,199,17
2020-04-17,Brazil,PE,2006,186,323,26
2020-04-18,Brazil,PE,2193,205,187,19
2020-04-19,Brazil,PE,2459,216,266,11
2020-04-20,Brazil,PE,2690,234,231,18
2020-04-21,Brazil,PE,2908,260,218,26
2020-04-22,Brazil,PE,3298,282,390,22
2020-04-23,Brazil,PE,3604,312,306,30
2020-04-24,Brazil,PE,3999,352,395,40
2020-04-25,Brazil,PE,4507,381,508,29
2020-04-26,Brazil,PE,4898,415,391,34
2020-04-27,Brazil,PE,5358,450,460,35
2020-04-28,Brazil,PE,5724,508,366,58
2020-04-29,Brazil,PE,6194,538,470,30
2020-04-30,Brazil,PE,6876,565,682,27
2020-05-01,Brazil,PE,7334,603,458,38
2020-05-02,Brazil,PE,8145,628,811,25
2020-05-03,Brazil,PE,8643,652,498,24
2020-05-04,Brazil,PE,8863,691,220,39
2020-05-05,Brazil,PE,9325,749,462,58
2020-05-06,Brazil,PE,9881,803,556,54
2020-05-07,Brazil,PE,10824,845,943,42
2020-05-08,Brazil,PE,11587,927,763,82
2020-05-09,Brazil,PE,12470,972,883,45
2020-05-10,Brazil,PE,13275,1047,805,75
2020-05-11,Brazil,PE,13768,1087,493,40
2020-05-12,Brazil,PE,14309,1157,541,70
2020-05-13,Brazil,PE,14901,1224,592,67
2020-05-14,Brazil,PE,15588,1298,687,74
2020-05-15,Brazil,PE,16209,1381,621,83
2020-05-16,Brazil,PE,18488,1461,2279,80
2020-05-17,Brazil,PE,19452,1516,964,55
2020-05-18,Brazil,PE,20094,1640,642,124
2020-05-19,Brazil,PE,21242,1741,1148,101
2020-05-20,Brazil,PE,22560,1834,1318,93
2020-05-21,Brazil,PE,23911,1925,1351,91
2020-05-22,Brazil,PE,25760,2057,1849,132
2020-05-23,Brazil,PE,26786,2144,1026,87
2020-05-24,Brazil,PE,27759,2200,973,56
2020-05-25,Brazil,PE,28366,2248,607,48
2020-05-26,Brazil,PE,28854,2328,488,80
2020-05-27,Brazil,PE,29919,2468,1065,140
2020-05-28,Brazil,PE,30713,2566,794,98
2020-05-29,Brazil,PE,32255,2669,1542,103
2020-05-30,Brazil,PE,33427,2740,1172,71
2020-05-31,Brazil,PE,34450,2807,1023,67
2020-06-01,Brazil,PE,34900,2875,450,68
2020-06-02,Brazil,PE,35508,2933,608,58
2020-06-03,Brazil,PE,36463,3012,955,79
2020-06-04,Brazil,PE,37507,3134,1044,122
2020-06-05,Brazil,PE,38511,3205,1004,71
2020-06-06,Brazil,PE,39361,3270,850,65
2020-06-07,Brazil,PE,40242,3305,881,35
2020-06-08,Brazil,PE,40705,3350,463,45
2020-06-09,Brazil,PE,41010,3453,305,103
2020-06-10,Brazil,PE,41935,3531,925,78
2020-06-11,Brazil,PE,42994,3633,1059,102
2020-06-12,Brazil,PE,43872,3694,878,61
2020-06-13,Brazil,PE,44671,3784,799,90
2020-06-14,Brazil,PE,45261,3855,590,71
2020-06-15,Brazil,PE,45507,3886,246,31
2020-06-16,Brazil,PE,46427,3959,920,73
2020-06-17,Brazil,PE,47446,4009,1019,50
2020-06-18,Brazil,PE,48626,4057,1180,48
2020-06-19,Brazil,PE,49720,4102,1094,45
2020-06-20,Brazil,PE,51118,4148,1398,46
2020-06-21,Brazil,PE,52113,4234,995,86
2020-06-22,Brazil,PE,52494,4252,381,18
2020-06-23,Brazil,PE,52831,4339,337,87
2020-06-24,Brazil,PE,54022,4425,1191,86
2020-06-25,Brazil,PE,55136,4488,1114,63
2020-06-26,Brazil,PE,55804,4610,668,122
2020-06-27,Brazil,PE,57089,4708,1285,98
2020-06-28,Brazil,PE,58107,4751,1018,43
2020-06-29,Brazil,PE,58476,4782,369,31
2020-06-30,Brazil,PE,58858,4829,382,47
2020-07-01,Brazil,PE,59705,4894,847,65
2020-07-02,Brazil,PE,61119,4968,1414,74
2020-07-03,Brazil,PE,62362,5068,1243,100
2020-07-04,Brazil,PE,63457,5116,1095,48
2020-07-05,Brazil,PE,65129,5143,1672,27
2020-07-06,Brazil,PE,65642,5163,513,20
2020-07-07,Brazil,PE,66151,5234,509,71
2020-07-08,Brazil,PE,67604,5323,1453,89
2020-07-09,Brazil,PE,68767,5409,1163,86
2020-07-10,Brazil,PE,70100,5482,1333,73
2020-07-11,Brazil,PE,71370,5556,1270,74
2020-07-12,Brazil,PE,72470,5595,1100,39
2020-07-13,Brazil,PE,72901,5652,431,57
2020-07-14,Brazil,PE,73576,5715,675,63
2020-07-15,Brazil,PE,74960,5772,1384,57
2020-07-16,Brazil,PE,76091,5836,1131,64
2020-07-17,Brazil,PE,77423,5869,1332,33
2020-07-18,Brazil,PE,78509,5928,1086,59
2020-07-19,Brazil,PE,79452,5984,943,56
2020-07-20,Brazil,PE,80115,6036,663,52
2020-07-21,Brazil,PE,80441,6089,326,53
2020-07-22,Brazil,PE,81382,6152,941,63
2020-07-23,Brazil,PE,83240,6211,1858,59
2020-07-24,Brazil,PE,85042,6237,1802,26
2020-07-25,Brazil,PE,86752,6299,1710,62
2020-07-26,Brazil,PE,88466,6352,1714,53
2020-07-27,Brazil,PE,89132,6376,666,24
2020-07-28,Brazil,PE,89678,6421,546,45
2020-07-29,Brazil,PE,91536,6484,1858,63
2020-07-30,Brazil,PE,93373,6526,1837,42
2020-07-31,Brazil,PE,95005,6557,1632,31
2020-08-01,Brazil,PE,96746,6597,1741,40
2020-08-02,Brazil,PE,97970,6634,1224,37
2020-08-03,Brazil,PE,98401,6669,431,35
2020-08-04,Brazil,PE,98833,6717,432,48
2020-08-05,Brazil,PE,100321,6758,1488,41
2020-08-06,Brazil,PE,101395,6828,1074,70
2020-08-07,Brazil,PE,102872,6867,1477,39
2020-08-08,Brazil,PE,104113,6920,1241,53
2020-08-09,Brazil,PE,105381,6970,1268,50
2020-08-10,Brazil,PE,105381,6970,0,0
2020-08-11,Brazil,PE,105982,7008,601,38
2020-08-12,Brazil,PE,107375,7049,1393,41
2020-08-13,Brazil,PE,108842,7084,1467,35
2020-08-14,Brazil,PE,110409,7111,1567,27
2020-08-15,Brazil,PE,111773,7156,1364,45
2020-08-16,Brazil,PE,112958,7188,1185,32
2020-08-17,Brazil,PE,113183,7210,225,22
2020-08-18,Brazil,PE,113788,7252,605,42
2020-08-19,Brazil,PE,115217,7280,1429,28
2020-08-20,Brazil,PE,116359,7303,1142,23
2020-08-21,Brazil,PE,117431,7335,1072,32
2020-08-22,Brazil,PE,118027,7364,596,29
2020-08-23,Brazil,PE,119140,7390,1113,26
2020-08-24,Brazil,PE,119357,7399,217,9
2020-08-25,Brazil,PE,119958,7425,601,26
2020-08-26,Brazil,PE,121078,7460,1120,35
2020-08-27,Brazil,PE,122147,7480,1069,20
2020-08-28,Brazil,PE,123146,7512,999,32
2020-08-29,Brazil,PE,124151,7547,1005,35
2020-08-30,Brazil,PE,125094,7574,943,27
2020-08-31,Brazil,PE,125539,7593,445,19
2020-09-01,Brazil,PE,127287,7614,1748,21
2020-09-02,Brazil,PE,128724,7656,1437,42
2020-09-03,Brazil,PE,130199,7619,1475,-37
2020-09-04,Brazil,PE,131230,7645,1031,26
2020-09-05,Brazil,PE,131961,7670,731,25
2020-09-06,Brazil,PE,132152,7702,191,32
2020-09-07,Brazil,PE,132420,7721,268,19
2020-09-08,Brazil,PE,132590,7741,170,20
2020-09-09,Brazil,PE,133579,7764,989,23
2020-09-10,Brazil,PE,134619,7792,1040,28
2020-09-11,Brazil,PE,135643,7817,1024,25
2020-09-12,Brazil,PE,136413,7852,770,35
2020-09-13,Brazil,PE,136672,7874,259,22
2020-09-14,Brazil,PE,136853,7888,181,14
2020-09-15,Brazil,PE,137869,7914,1016,26
2020-09-16,Brazil,PE,138568,7933,699,19
2020-09-17,Brazil,PE,139325,7954,757,21
2020-09-18,Brazil,PE,140235,7971,910,17
2020-09-19,Brazil,PE,141042,8004,807,33
2020-09-20,Brazil,PE,141517,8016,475,12
2020-09-21,Brazil,PE,141777,8025,260,9
2020-09-22,Brazil,PE,142488,8055,711,30
2020-09-23,Brazil,PE,143165,8085,677,30
2020-09-24,Brazil,PE,143703,8110,538,25
2020-09-25,Brazil,PE,144268,8129,565,19
2020-09-26,Brazil,PE,144940,8156,672,27
2020-09-27,Brazil,PE,145016,8174,76,18
2020-09-28,Brazil,PE,145096,8190,80,16
2020-09-29,Brazil,PE,146325,8222,1229,32
2020-09-30,Brazil,PE,147171,8251,846,29
2020-10-01,Brazil,PE,147872,8279,701,28
2020-10-02,Brazil,PE,148737,8299,865,20
2020-10-03,Brazil,PE,149349,8318,612,19
2020-10-04,Brazil,PE,149417,8333,68,15
2020-10-05,Brazil,PE,149454,8340,37,7
2020-10-06,Brazil,PE,150217,8356,763,16
2020-10-07,Brazil,PE,151139,8379,922,23
2020-10-08,Brazil,PE,151736,8387,597,8
2020-10-09,Brazil,PE,152414,8397,678,10
2020-10-10,Brazil,PE,152998,8408,584,11
2020-10-11,Brazil,PE,153144,8411,146,3
2020-10-12,Brazil,PE,153222,8414,78,3
2020-10-13,Brazil,PE,153299,8417,77,3
2020-10-14,Brazil,PE,154041,8438,742,21
2020-10-15,Brazil,PE,154866,8456,825,18
2020-10-16,Brazil,PE,155520,8469,654,13
2020-10-17,Brazil,PE,155923,8480,403,11
2020-10-18,Brazil,PE,156029,8487,106,7
2020-10-19,Brazil,PE,156130,8490,101,3
2020-10-20,Brazil,PE,156794,8505,664,15
2020-10-21,Brazil,PE,157418,8519,624,14
2020-10-22,Brazil,PE,157777,8527,359,8
2020-10-23,Brazil,PE,158496,8531,719,4
2020-10-24,Brazil,PE,159220,8542,724,11
2020-10-25,Brazil,PE,159377,8552,157,10
2020-10-26,Brazil,PE,159476,8564,99,12
2020-10-27,Brazil,PE,160354,8575,878,11
2020-10-28,Brazil,PE,161161,8587,807,12
2020-10-29,Brazil,PE,161740,8599,579,12
2020-10-30,Brazil,PE,162402,8609,662,10
2020-10-31,Brazil,PE,162893,8627,491,18
2020-11-01,Brazil,PE,162977,8632,84,5
2020-11-02,Brazil,PE,163039,8638,62,6
2020-11-03,Brazil,PE,163156,8643,117,5
2020-11-04,Brazil,PE,163642,8667,486,24
2020-11-05,Brazil,PE,164222,8687,580,20
2020-11-06,Brazil,PE,165273,8711,1051,24
2020-11-07,Brazil,PE,165922,8724,649,13
2020-11-08,Brazil,PE,166333,8732,411,8
2020-11-09,Brazil,PE,166540,8740,207,8
2020-11-10,Brazil,PE,167233,8763,693,23
2020-11-11,Brazil,PE,168093,8773,860,10
2020-11-12,Brazil,PE,168880,8794,787,21
2020-11-13,Brazil,PE,169710,8805,830,11
2020-11-14,Brazil,PE,170553,8815,843,10
2020-11-15,Brazil,PE,170860,8827,307,12
2020-11-16,Brazil,PE,171216,8838,356,11
2020-11-17,Brazil,PE,171890,8854,674,16
2020-11-18,Brazil,PE,172716,8873,826,19
2020-11-19,Brazil,PE,173624,8890,908,17
2020-11-20,Brazil,PE,174312,8899,688,9
2020-11-21,Brazil,PE,175258,8920,946,21
2020-11-22,Brazil,PE,175730,8923,472,3
2020-11-23,Brazil,PE,176158,8926,428,3
2020-11-24,Brazil,PE,176939,8951,781,25
2020-11-25,Brazil,PE,178086,8971,1147,20
2020-11-26,Brazil,PE,178639,8987,553,16
2020-11-27,Brazil,PE,179308,8999,669,12
2020-11-28,Brazil,PE,181392,9019,2084,20
2020-11-29,Brazil,PE,181841,9030,449,11
2020-11-30,Brazil,PE,182406,9037,565,7
2020-12-01,Brazil,PE,184259,9056,1853,19
2020-12-02,Brazil,PE,185607,9082,1348,26
2020-12-03,Brazil,PE,187038,9098,1431,16
2020-12-04,Brazil,PE,188132,9119,1094,21
2020-12-05,Brazil,PE,189650,9140,1518,21
2020-12-06,Brazil,PE,190415,9148,765,8
2020-12-07,Brazil,PE,191161,9170,746,22
2020-12-08,Brazil,PE,192397,9186,1236,16
2020-12-09,Brazil,PE,193530,9200,1133,14
2020-12-10,Brazil,PE,195118,9229,1588,29
2020-12-11,Brazil,PE,197063,9244,1945,15
2020-12-12,Brazil,PE,198426,9271,1363,27
2020-12-13,Brazil,PE,198684,9284,258,13
2020-12-14,Brazil,PE,199046,9299,362,15
2020-12-15,Brazil,PE,199780,9324,734,25
2020-12-16,Brazil,PE,201851,9339,2071,15
2020-12-17,Brazil,PE,203497,9361,1646,22
2020-12-18,Brazil,PE,205262,9383,1765,22
2020-12-19,Brazil,PE,207008,9418,1746,35
2020-12-20,Brazil,PE,207426,9435,418,17
2020-12-21,Brazil,PE,208135,9443,709,8
2020-12-22,Brazil,PE,210081,9459,1946,16
2020-12-23,Brazil,PE,211996,9487,1915,28
2020-12-24,Brazil,PE,213453,9523,1457,36
2020-12-25,Brazil,PE,214562,9544,1109,21
2020-12-26,Brazil,PE,214949,9560,387,16
2020-12-27,Brazil,PE,215552,9571,603,11
2020-12-28,Brazil,PE,215994,9588,442,17
2020-12-29,Brazil,PE,217772,9612,1778,24
2020-12-30,Brazil,PE,220284,9632,2512,20
2020-12-31,Brazil,PE,222166,9654,1882,22
2021-01-01,Brazil,PE,222993,9666,827,12
2021-01-02,Brazil,PE,223325,9674,332,8
2021-01-03,Brazil,PE,223540,9679,215,5
2021-01-04,Brazil,PE,223845,9691,305,12
2021-01-05,Brazil,PE,225336,9709,1491,18
2021-01-06,Brazil,PE,226940,9731,1604,22
2021-01-07,Brazil,PE,228451,9763,1511,32
2021-01-08,Brazil,PE,229701,9789,1250,26
2021-01-09,Brazil,PE,230891,9826,1190,37
2021-01-10,Brazil,PE,232037,9840,1146,14
2021-01-11,Brazil,PE,232756,9851,719,11
2021-01-12,Brazil,PE,234238,9889,1482,38
2021-01-13,Brazil,PE,236041,9919,1803,30
2021-01-14,Brazil,PE,237453,9946,1412,27
2021-01-15,Brazil,PE,239155,9964,1702,18
2021-01-16,Brazil,PE,240605,9993,1450,29
2021-01-17,Brazil,PE,241087,10020,482,27
2021-01-18,Brazil,PE,241409,10031,322,11
2021-01-19,Brazil,PE,243044,10059,1635,28
2021-01-20,Brazil,PE,244814,10098,1770,39
2021-01-21,Brazil,PE,246799,10133,1985,35
2021-01-22,Brazil,PE,248513,10152,1714,19
2021-01-23,Brazil,PE,250165,10177,1652,25
2021-01-24,Brazil,PE,250702,10193,537,16
2021-01-25,Brazil,PE,251291,10200,589,7
2021-01-26,Brazil,PE,253415,10222,2124,22
2021-01-27,Brazil,PE,255483,10251,2068,29
2021-01-28,Brazil,PE,256977,10279,1494,28
2021-01-29,Brazil,PE,258725,10304,1748,25
2021-01-30,Brazil,PE,260679,10332,1954,28
2021-01-31,Brazil,PE,261300,10348,621,16
2021-02-01,Brazil,PE,261745,10364,445,16
2021-02-02,Brazil,PE,263722,10387,1977,23
2021-02-03,Brazil,PE,265349,10399,1627,12
2021-02-04,Brazil,PE,266999,10430,1650,31
2021-02-05,Brazil,PE,268486,10452,1487,22
2021-02-06,Brazil,PE,269937,10481,1451,29
2021-02-07,Brazil,PE,270801,10494,864,13
2021-02-08,Brazil,PE,271542,10508,741,14
2021-02-09,Brazil,PE,273278,10546,1736,38
2021-02-10,Brazil,PE,274809,10577,1531,31
2021-02-11,Brazil,PE,276452,10597,1643,20
2021-02-12,Brazil,PE,277832,10621,1380,24
2021-02-13,Brazil,PE,279637,10644,1805,23
2021-02-14,Brazil,PE,280528,10662,891,18
2021-02-15,Brazil,PE,281331,10677,803,15
2021-02-16,Brazil,PE,282913,10711,1582,34
2021-02-17,Brazil,PE,284840,10744,1927,33
2021-02-18,Brazil,PE,287066,10780,2226,36
2021-02-19,Brazil,PE,288424,10804,1358,24
2021-02-20,Brazil,PE,289556,10839,1132,35
2021-02-21,Brazil,PE,290500,10849,944,10
2021-02-22,Brazil,PE,291189,10863,689,14
2021-02-23,Brazil,PE,292913,10887,1724,24
2021-02-24,Brazil,PE,294479,10911,1566,24
2021-02-25,Brazil,PE,295681,10926,1202,15
2021-02-26,Brazil,PE,297404,10945,1723,19
2021-02-27,Brazil,PE,298859,10974,1455,29
2021-02-28,Brazil,PE,299475,10996,616,22
2021-03-01,Brazil,PE,300104,11007,629,11
2021-03-02,Brazil,PE,301434,11030,1330,23
2021-03-03,Brazil,PE,303047,11068,1613,38
2021-03-04,Brazil,PE,304732,11090,1685,22
2021-03-05,Brazil,PE,306320,11119,1588,29
2021-03-06,Brazil,PE,307984,11153,1664,34
2021-03-07,Brazil,PE,308284,11173,300,20
2021-03-08,Brazil,PE,308657,11207,373,34
2021-03-09,Brazil,PE,309976,11224,1319,17
2021-03-10,Brazil,PE,311558,11246,1582,22
2021-03-11,Brazil,PE,313227,11269,1669,23
2021-03-12,Brazil,PE,314793,11318,1566,49
2021-03-13,Brazil,PE,316424,11357,1631,39
2021-03-14,Brazil,PE,317528,11383,1104,26
2021-03-15,Brazil,PE,318449,11411,921,28
2021-03-16,Brazil,PE,320931,11471,2482,60
2021-03-17,Brazil,PE,323176,11510,2245,39
2021-03-18,Brazil,PE,325315,11563,2139,53
2021-03-19,Brazil,PE,327526,11614,2211,51
2021-03-20,Brazil,PE,329633,11638,2107,24
2021-03-21,Brazil,PE,330649,11661,1016,23
2021-03-22,Brazil,PE,331326,11698,677,37
2021-03-23,Brazil,PE,333498,11762,2172,64
2021-03-24,Brazil,PE,336236,11807,2738,45
2021-03-25,Brazil,PE,339022,11853,2786,46
2021-03-26,Brazil,PE,341249,11915,2227,62
2021-03-27,Brazil,PE,343406,11975,2157,60
2021-03-28,Brazil,PE,344177,12006,771,31
2021-03-29,Brazil,PE,344567,12044,390,38
2021-03-30,Brazil,PE,346800,12118,2233,74
2021-03-31,Brazil,PE,349231,12175,2431,57
2021-04-01,Brazil,PE,352218,12249,2987,74
2021-04-02,Brazil,PE,353997,12295,1779,46
2021-04-03,Brazil,PE,354982,12349,985,54
2021-04-04,Brazil,PE,355617,12377,635,28
2021-04-05,Brazil,PE,356326,12421,709,44
2021-04-06,Brazil,PE,358505,12479,2179,58
2021-04-07,Brazil,PE,361470,12541,2965,62
2021-04-08,Brazil,PE,364354,12623,2884,82
2021-04-09,Brazil,PE,366346,12686,1992,63
2021-04-10,Brazil,PE,368700,12744,2354,58
2021-04-11,Brazil,PE,369487,12803,787,59
2021-04-12,Brazil,PE,370225,12837,738,34
2021-04-13,Brazil,PE,372756,12905,2531,68
2021-04-14,Brazil,PE,375115,12988,2359,83
2021-04-15,Brazil,PE,376983,13051,1868,63
2021-04-16,Brazil,PE,378852,13102,1869,51
2021-04-17,Brazil,PE,380818,13179,1966,77
