date,region,accumulated_num_cases,accumulated_num_deaths,new_num_cases,new_num_deaths
2020-02-25,Norte,0,0,0,0
2020-02-26,Norte,0,0,0,0
2020-02-27,Norte,0,0,0,0
2020-02-28,Norte,0,0,0,0
2020-02-29,Norte,0,0,0,0
2020-03-01,Norte,0,0,0,0
2020-03-02,Norte,0,0,0,0
2020-03-03,Norte,0,0,0,0
2020-03-04,Norte,0,0,0,0
2020-03-05,Norte,0,0,0,0
2020-03-06,Norte,0,0,0,0
2020-03-07,Norte,0,0,0,0
2020-03-08,Norte,0,0,0,0
2020-03-09,Norte,0,0,0,0
2020-03-10,Norte,0,0,0,0
2020-03-11,Norte,0,0,0,0
2020-03-12,Norte,0,0,0,0
2020-03-13,Norte,2,0,2,0
2020-03-14,Norte,2,0,0,0
2020-03-15,Norte,2,0,0,0
2020-03-16,Norte,2,0,0,0
2020-03-17,Norte,5,0,3,0
2020-03-18,Norte,7,0,2,0
2020-03-19,Norte,9,0,2,0
2020-03-20,Norte,19,0,10,0
2020-03-21,Norte,32,0,13,0
2020-03-22,Norte,52,0,20,0
2020-03-23,Norte,67,0,15,0
2020-03-24,Norte,94,1,27,1
2020-03-25,Norte,106,1,12,0
2020-03-26,Norte,129,1,23,0
2020-03-27,Norte,152,1,23,0
2020-03-28,Norte,189,1,37,0
2020-03-29,Norte,234,1,45,0
2020-03-30,Norte,261,3,27,2
2020-03-31,Norte,298,4,37,1
2020-04-01,Norte,342,5,44,1
2020-04-02,Norte,387,5,45,0
2020-04-03,Norte,460,10,73,5
2020-04-04,Norte,537,16,77,6
2020-04-05,Norte,656,19,119,3
2020-04-06,Norte,823,29,167,10
2020-04-07,Norte,982,34,159,5
2020-04-08,Norte,1235,42,253,8
2020-04-09,Norte,1354,55,119,13
2020-04-10,Norte,1564,68,210,13
2020-04-11,Norte,1689,76,125,8
2020-04-12,Norte,1930,88,241,12
2020-04-13,Norte,2100,99,170,11
2020-04-14,Norte,2485,126,385,27
2020-04-15,Norte,2728,144,243,18
2020-04-16,Norte,3040,172,312,28
2020-04-17,Norte,3289,199,249,27
2020-04-18,Norte,3463,218,174,19
2020-04-19,Norte,3746,241,283,23
2020-04-20,Norte,4154,250,408,9
2020-04-21,Norte,4496,262,342,12
2020-04-22,Norte,4937,281,441,19
2020-04-23,Norte,5534,323,597,42
2020-04-24,Norte,6340,381,806,58
2020-04-25,Norte,7114,426,774,45
2020-04-26,Norte,7841,468,727,42
2020-04-27,Norte,8187,498,346,30
2020-04-28,Norte,8845,544,658,46
2020-04-29,Norte,9753,607,908,63
2020-04-30,Norte,10922,728,1169,121
2020-05-01,Norte,11985,824,1063,96
2020-05-02,Norte,13097,905,1112,81
2020-05-03,Norte,14248,970,1151,65
2020-05-04,Norte,15678,1049,1430,79
2020-05-05,Norte,17694,1157,2016,108
2020-05-06,Norte,20054,1307,2360,150
2020-05-07,Norte,21859,1451,1805,144
2020-05-08,Norte,23663,1616,1804,165
2020-05-09,Norte,25924,1751,2261,135
2020-05-10,Norte,27346,1865,1422,114
2020-05-11,Norte,28640,2049,1294,184
2020-05-12,Norte,31530,2248,2890,199
2020-05-13,Norte,34911,2430,3381,182
2020-05-14,Norte,38193,2603,3282,173
2020-05-15,Norte,41095,2795,2902,192
2020-05-16,Norte,43848,2914,2753,119
2020-05-17,Norte,45727,3031,1879,117
2020-05-18,Norte,48208,3200,2481,169
2020-05-19,Norte,52311,3448,4103,248
2020-05-20,Norte,56462,3757,4151,309
2020-05-21,Norte,60882,3945,4420,188
2020-05-22,Norte,66233,4138,5351,193
2020-05-23,Norte,70863,4381,4630,243
2020-05-24,Norte,73531,4566,2668,185
2020-05-25,Norte,77261,4742,3730,176
2020-05-26,Norte,82612,4951,5351,209
2020-05-27,Norte,88147,5099,5535,148
2020-05-28,Norte,95657,5387,7510,288
2020-05-29,Norte,101927,5578,6270,191
2020-05-30,Norte,106002,5662,4075,84
2020-05-31,Norte,107970,5690,1968,28
2020-06-01,Norte,111141,5831,3171,141
2020-06-02,Norte,117926,6023,6785,192
2020-06-03,Norte,123161,6187,5235,164
2020-06-04,Norte,130990,6507,7829,320
2020-06-05,Norte,138742,6762,7752,255
2020-06-06,Norte,141817,6836,3075,74
2020-06-07,Norte,144090,6886,2273,50
2020-06-08,Norte,149542,7122,5452,236
2020-06-09,Norte,155922,7278,6380,156
2020-06-10,Norte,162596,7448,6674,170
2020-06-11,Norte,167400,7651,4804,203
2020-06-12,Norte,171414,7750,4014,99
2020-06-13,Norte,175817,7872,4403,122
2020-06-14,Norte,177767,7939,1950,67
2020-06-15,Norte,181028,8085,3261,146
2020-06-16,Norte,187970,8227,6942,142
2020-06-17,Norte,193889,8330,5919,103
2020-06-18,Norte,199869,8475,5980,145
2020-06-19,Norte,205724,8586,5855,111
2020-06-20,Norte,211496,8718,5772,132
2020-06-21,Norte,214177,8767,2681,49
2020-06-22,Norte,223395,8881,9218,114
2020-06-23,Norte,231163,8997,7768,116
2020-06-24,Norte,238204,9080,7041,83
2020-06-25,Norte,244223,9189,6019,109
2020-06-26,Norte,250154,9265,5931,76
2020-06-27,Norte,254583,9328,4429,63
2020-06-28,Norte,256537,9374,1954,46
2020-06-29,Norte,260309,9468,3772,94
2020-06-30,Norte,266047,9601,5738,133
2020-07-01,Norte,273553,9723,7506,122
2020-07-02,Norte,279171,9816,5618,93
2020-07-03,Norte,284046,9893,4875,77
2020-07-04,Norte,287964,9982,3918,89
2020-07-05,Norte,290121,10017,2157,35
2020-07-06,Norte,293283,10071,3162,54
2020-07-07,Norte,300433,10171,7150,100
2020-07-08,Norte,305570,10247,5137,76
2020-07-09,Norte,311351,10314,5781,67
2020-07-10,Norte,317077,10422,5726,108
2020-07-11,Norte,320156,10472,3079,50
2020-07-12,Norte,322251,10516,2095,44
2020-07-13,Norte,326535,10586,4284,70
2020-07-14,Norte,332238,10657,5703,71
2020-07-15,Norte,338049,10759,5811,102
2020-07-16,Norte,343673,10867,5624,108
2020-07-17,Norte,347869,10950,4196,83
2020-07-18,Norte,351162,11023,3293,73
2020-07-19,Norte,353010,11070,1848,47
2020-07-20,Norte,357529,11133,4519,63
2020-07-21,Norte,363073,11245,5544,112
2020-07-22,Norte,370126,11355,7053,110
2020-07-23,Norte,376385,11444,6259,89
2020-07-24,Norte,381953,11534,5568,90
2020-07-25,Norte,385545,11592,3592,58
2020-07-26,Norte,387069,11624,1524,32
2020-07-27,Norte,391157,11692,4088,68
2020-07-28,Norte,396158,11685,5001,-7
2020-07-29,Norte,401149,11738,4991,53
2020-07-30,Norte,405917,11812,4768,74
2020-07-31,Norte,410147,11889,4230,77
2020-08-01,Norte,413676,11943,3529,54
2020-08-02,Norte,415313,11974,1637,31
2020-08-03,Norte,418680,12026,3367,52
2020-08-04,Norte,425520,12088,6840,62
2020-08-05,Norte,431912,12171,6392,83
2020-08-06,Norte,437434,12239,5522,68
2020-08-07,Norte,442722,12296,5288,57
2020-08-08,Norte,445623,12338,2901,42
2020-08-09,Norte,447644,12366,2021,28
2020-08-10,Norte,451253,12419,3609,53
2020-08-11,Norte,457189,12486,5936,67
2020-08-12,Norte,462079,12544,4890,58
2020-08-13,Norte,467643,12600,5564,56
2020-08-14,Norte,472629,12650,4986,50
2020-08-15,Norte,475421,12683,2792,33
2020-08-16,Norte,477711,12714,2290,31
2020-08-17,Norte,481921,12801,4210,87
2020-08-18,Norte,487258,12885,5337,84
2020-08-19,Norte,492698,12937,5440,52
2020-08-20,Norte,498092,12986,5394,49
2020-08-21,Norte,502528,13030,4436,44
2020-08-22,Norte,505675,13067,3147,37
2020-08-23,Norte,507500,13093,1825,26
2020-08-24,Norte,511619,13156,4119,63
2020-08-25,Norte,516869,13224,5250,68
2020-08-26,Norte,522176,13277,5307,53
2020-08-27,Norte,526893,13326,4717,49
2020-08-28,Norte,531332,13362,4439,36
2020-08-29,Norte,534741,13392,3409,30
2020-08-30,Norte,536037,13443,1296,51
2020-08-31,Norte,539610,13526,3573,83
2020-09-01,Norte,543638,13592,4028,66
2020-09-02,Norte,548272,13789,4634,197
2020-09-03,Norte,552306,13840,4034,51
2020-09-04,Norte,557156,13882,4850,42
2020-09-05,Norte,559969,13911,2813,29
2020-09-06,Norte,561508,13937,1539,26
2020-09-07,Norte,562559,13958,1051,21
2020-09-08,Norte,565272,14000,2713,42
2020-09-09,Norte,569889,14045,4617,45
2020-09-10,Norte,573874,14094,3985,49
2020-09-11,Norte,577528,14143,3654,49
2020-09-12,Norte,579814,14203,2286,60
2020-09-13,Norte,581021,14248,1207,45
2020-09-14,Norte,584175,14291,3154,43
2020-09-15,Norte,587749,14347,3574,56
2020-09-16,Norte,590738,14397,2989,50
2020-09-17,Norte,594157,14455,3419,58
2020-09-18,Norte,597857,14511,3700,56
2020-09-19,Norte,600313,14531,2456,20
2020-09-20,Norte,601211,14547,898,16
2020-09-21,Norte,603693,14581,2482,34
2020-09-22,Norte,607576,14620,3883,39
2020-09-23,Norte,611352,14691,3776,71
2020-09-24,Norte,614934,14727,3582,36
2020-09-25,Norte,618327,14769,3393,42
2020-09-26,Norte,621073,14815,2746,46
2020-09-27,Norte,622194,14832,1121,17
2020-09-28,Norte,624139,14855,1945,23
2020-09-29,Norte,628622,14908,4483,53
2020-09-30,Norte,632743,14951,4121,43
2020-10-01,Norte,636119,15100,3376,149
2020-10-02,Norte,639254,15127,3135,27
2020-10-03,Norte,640797,15151,1543,24
2020-10-04,Norte,641280,15169,483,18
2020-10-05,Norte,642665,15195,1385,26
2020-10-06,Norte,645756,15240,3091,45
2020-10-07,Norte,648510,15268,2754,28
2020-10-08,Norte,650922,15306,2412,38
2020-10-09,Norte,653357,15338,2435,32
2020-10-10,Norte,654895,15365,1538,27
2020-10-11,Norte,655645,15374,750,9
2020-10-12,Norte,655891,15385,246,11
2020-10-13,Norte,658162,15420,2271,35
2020-10-14,Norte,660813,15457,2651,37
2020-10-15,Norte,663558,15496,2745,39
2020-10-16,Norte,665833,15534,2275,38
2020-10-17,Norte,667953,15558,2120,24
2020-10-18,Norte,668625,15574,672,16
2020-10-19,Norte,670752,15617,2127,43
2020-10-20,Norte,673483,15650,2731,33
2020-10-21,Norte,677215,15677,3732,27
2020-10-22,Norte,680335,15722,3120,45
2020-10-23,Norte,683662,15773,3327,51
2020-10-24,Norte,686050,15791,2388,18
2020-10-25,Norte,687420,15810,1370,19
2020-10-26,Norte,689694,15841,2274,31
2020-10-27,Norte,693054,15876,3360,35
2020-10-28,Norte,695903,15898,2849,22
2020-10-29,Norte,699276,15935,3373,37
2020-10-30,Norte,701490,15955,2214,20
2020-10-31,Norte,702432,15981,942,26
2020-11-01,Norte,703679,16000,1247,19
2020-11-02,Norte,704452,16018,773,18
2020-11-03,Norte,706567,16044,2115,26
2020-11-04,Norte,709592,16075,3025,31
2020-11-05,Norte,712193,16108,2601,33
2020-11-06,Norte,713757,16119,1564,11
2020-11-07,Norte,716005,16145,2248,26
2020-11-08,Norte,717119,16155,1114,10
2020-11-09,Norte,719256,16196,2137,41
2020-11-10,Norte,722040,16225,2784,29
2020-11-11,Norte,724911,16252,2871,27
2020-11-12,Norte,727983,16292,3072,40
2020-11-13,Norte,730194,16317,2211,25
2020-11-14,Norte,732375,16349,2181,32
2020-11-15,Norte,733297,16358,922,9
2020-11-16,Norte,734970,16378,1673,20
2020-11-17,Norte,737741,16419,2771,41
2020-11-18,Norte,740615,16439,2874,20
2020-11-19,Norte,743877,16471,3262,32
2020-11-20,Norte,746644,16503,2767,32
2020-11-21,Norte,748441,16522,1797,19
2020-11-22,Norte,749899,16538,1458,16
2020-11-23,Norte,751979,16572,2080,34
2020-11-24,Norte,755496,16612,3517,40
2020-11-25,Norte,758231,16642,2735,30
2020-11-26,Norte,760880,16688,2649,46
2020-11-27,Norte,763938,16719,3058,31
2020-11-28,Norte,767391,16754,3453,35
2020-11-29,Norte,768584,16775,1193,21
2020-11-30,Norte,770900,16798,2316,23
2020-12-01,Norte,774372,16830,3472,32
2020-12-02,Norte,777832,16877,3460,47
2020-12-03,Norte,780930,16921,3098,44
2020-12-04,Norte,784128,16946,3198,25
2020-12-05,Norte,786440,16973,2312,27
2020-12-06,Norte,788185,16987,1745,14
2020-12-07,Norte,790341,17024,2156,37
2020-12-08,Norte,793471,17047,3130,23
2020-12-09,Norte,796568,17082,3097,35
2020-12-10,Norte,799926,17119,3358,37
2020-12-11,Norte,803191,17155,3265,36
2020-12-12,Norte,805153,17188,1962,33
2020-12-13,Norte,807124,17203,1971,15
2020-12-14,Norte,809539,17243,2415,40
2020-12-15,Norte,813013,17284,3474,41
2020-12-16,Norte,816957,17332,3944,48
2020-12-17,Norte,820319,17373,3362,41
2020-12-18,Norte,823757,17415,3438,42
2020-12-19,Norte,826511,17451,2754,36
2020-12-20,Norte,828076,17475,1565,24
2020-12-21,Norte,830922,17508,2846,33
2020-12-22,Norte,835155,17555,4233,47
2020-12-23,Norte,838511,17617,3356,62
2020-12-24,Norte,841225,17663,2714,46
2020-12-25,Norte,842303,17695,1078,32
2020-12-26,Norte,843502,17725,1199,30
2020-12-27,Norte,845361,17764,1859,39
2020-12-28,Norte,848644,17818,3283,54
2020-12-29,Norte,852460,17895,3816,77
2020-12-30,Norte,856249,17978,3789,83
2020-12-31,Norte,859611,18044,3362,66
2021-01-01,Norte,860880,18074,1269,30
2021-01-02,Norte,862270,18121,1390,47
2021-01-03,Norte,863964,18160,1694,39
2021-01-04,Norte,866759,18221,2795,61
2021-01-05,Norte,871548,18305,4789,84
2021-01-06,Norte,877050,18452,5502,147
2021-01-07,Norte,881697,18549,4647,97
2021-01-08,Norte,887651,18651,5954,102
2021-01-09,Norte,891936,18736,4285,85
2021-01-10,Norte,894749,18788,2813,52
2021-01-11,Norte,900558,18896,5809,108
2021-01-12,Norte,906468,19004,5910,108
2021-01-13,Norte,911435,19121,4967,117
2021-01-14,Norte,919300,19211,7865,90
2021-01-15,Norte,926569,19372,7269,161
2021-01-16,Norte,932238,19474,5669,102
2021-01-17,Norte,935354,19567,3116,93
2021-01-18,Norte,940657,19747,5303,180
2021-01-19,Norte,946469,19923,5812,176
2021-01-20,Norte,955141,20121,8672,198
2021-01-21,Norte,961927,20317,6786,196
2021-01-22,Norte,970511,20494,8584,177
2021-01-23,Norte,976562,20688,6051,194
2021-01-24,Norte,980122,20831,3560,143
2021-01-25,Norte,984725,20978,4603,147
2021-01-26,Norte,993131,21213,8406,235
2021-01-27,Norte,1001590,21398,8459,185
2021-01-28,Norte,1007806,21571,6216,173
2021-01-29,Norte,1014215,21777,6409,206
2021-01-30,Norte,1020820,22044,6605,267
2021-01-31,Norte,1023663,22184,2843,140
2021-02-01,Norte,1028873,22379,5210,195
2021-02-02,Norte,1035693,22590,6820,211
2021-02-03,Norte,1042391,22782,6698,192
2021-02-04,Norte,1049142,22992,6751,210
2021-02-05,Norte,1055177,23171,6035,179
2021-02-06,Norte,1060581,23362,5404,191
2021-02-07,Norte,1063086,23461,2505,99
2021-02-08,Norte,1067786,23641,4700,180
2021-02-09,Norte,1073142,23887,5356,246
2021-02-10,Norte,1080007,24131,6865,244
2021-02-11,Norte,1086366,24407,6359,276
2021-02-12,Norte,1092443,24654,6077,247
2021-02-13,Norte,1095986,24752,3543,98
2021-02-14,Norte,1098331,24856,2345,104
2021-02-15,Norte,1102309,25079,3978,223
2021-02-16,Norte,1106588,25235,4279,156
2021-02-17,Norte,1112111,25398,5523,163
2021-02-18,Norte,1118195,25638,6084,240
2021-02-19,Norte,1124598,25877,6403,239
2021-02-20,Norte,1128151,25968,3553,91
2021-02-21,Norte,1130669,26080,2518,112
2021-02-22,Norte,1136045,26240,5376,160
2021-02-23,Norte,1142822,26371,6777,131
2021-02-24,Norte,1148701,26556,5879,185
2021-02-25,Norte,1154676,26766,5975,210
2021-02-26,Norte,1160584,26917,5908,151
2021-02-27,Norte,1165056,27015,4472,98
2021-02-28,Norte,1168061,27123,3005,108
2021-03-01,Norte,1172131,27290,4070,167
2021-03-02,Norte,1178650,27467,6519,177
2021-03-03,Norte,1184389,27664,5739,197
2021-03-04,Norte,1190082,27896,5693,232
2021-03-05,Norte,1196740,28088,6658,192
2021-03-06,Norte,1201182,28198,4442,110
2021-03-07,Norte,1203806,28292,2624,94
2021-03-08,Norte,1208470,28463,4664,171
2021-03-09,Norte,1214930,28654,6460,191
2021-03-10,Norte,1223054,28888,8124,234
2021-03-11,Norte,1229773,29081,6719,193
2021-03-12,Norte,1235749,29260,5976,179
2021-03-13,Norte,1240073,29400,4324,140
2021-03-14,Norte,1243564,29512,3491,112
2021-03-15,Norte,1249194,29696,5630,184
2021-03-16,Norte,1257595,29917,8401,221
2021-03-17,Norte,1265586,30194,7991,277
2021-03-18,Norte,1273474,30354,7888,160
2021-03-19,Norte,1281826,30530,8352,176
2021-03-20,Norte,1286410,30698,4584,168
2021-03-21,Norte,1290221,30810,3811,112
2021-03-22,Norte,1296703,30995,6482,185
2021-03-23,Norte,1304270,31189,7567,194
2021-03-24,Norte,1312107,31353,7837,164
2021-03-25,Norte,1319801,31585,7694,232
2021-03-26,Norte,1327362,31785,7561,200
2021-03-27,Norte,1332233,31946,4871,161
2021-03-28,Norte,1334843,32061,2610,115
2021-03-29,Norte,1340119,32241,5276,180
2021-03-30,Norte,1347256,32426,7137,185
2021-03-31,Norte,1355730,32628,8474,202
2021-04-01,Norte,1361224,32857,5494,229
2021-04-02,Norte,1365432,33025,4208,168
2021-04-03,Norte,1368194,33113,2762,88
2021-04-04,Norte,1370400,33207,2206,94
2021-04-05,Norte,1375875,33386,5475,179
2021-04-06,Norte,1382385,33560,6510,174
2021-04-07,Norte,1390007,33810,7622,250
2021-04-08,Norte,1397119,34015,7112,205
2021-04-09,Norte,1403733,34199,6614,184
2021-04-10,Norte,1407026,34336,3293,137
2021-04-11,Norte,1409305,34451,2279,115
2021-04-12,Norte,1415011,34620,5706,169
2021-04-13,Norte,1421623,34863,6612,243
2021-04-14,Norte,1428235,35095,6612,232
2021-04-15,Norte,1434095,35285,5860,190
2021-04-16,Norte,1440119,35493,6024,208
2021-04-17,Norte,1442741,35704,2622,211
2021-04-18,Norte,1444822,35784,2081,80
2021-04-19,Norte,1450270,36026,5448,242
2021-04-20,Norte,1455773,36318,5503,292
2021-04-21,Norte,1459732,36487,3959,169
2021-04-22,Norte,1464748,36662,5016,175
2021-04-23,Norte,1469338,36826,4590,164
2021-04-24,Norte,1471791,36967,2453,141
2021-04-25,Norte,1473108,37069,1317,102
2021-04-26,Norte,1475758,37240,2650,171
2021-04-27,Norte,1482355,37492,6597,252
2021-04-28,Norte,1487670,37674,5315,182
2021-04-29,Norte,1492443,37854,4773,180
2021-04-30,Norte,1497082,38017,4639,163
2021-05-01,Norte,1499366,38111,2284,94
2021-05-02,Norte,1501061,38188,1695,77
2021-05-03,Norte,1505107,38305,4046,117
2021-05-04,Norte,1509726,38520,4619,215
2021-05-05,Norte,1514647,38643,4921,123
2021-05-06,Norte,1519569,38758,4922,115
2021-05-07,Norte,1524442,38887,4873,129
2021-05-08,Norte,1527175,38953,2733,66
2021-05-09,Norte,1528353,38998,1178,45
2021-05-10,Norte,1531928,39124,3575,126
2021-05-11,Norte,1536915,39255,4987,131
2021-05-12,Norte,1542554,39425,5639,170
2021-05-13,Norte,1547864,39539,5310,114
2021-05-14,Norte,1552713,39651,4849,112
2021-05-15,Norte,1556058,39763,3345,112
2021-05-16,Norte,1557802,39807,1744,44
2021-05-17,Norte,1561897,39930,4095,123
2021-05-18,Norte,1566574,40074,4677,144
2021-05-19,Norte,1571051,40168,4477,94
2021-05-20,Norte,1575576,40283,4525,115
2021-05-21,Norte,1579914,40366,4338,83
2021-05-22,Norte,1581811,40416,3024,57
