date,country,state,accumulated_num_cases,accumulated_num_deaths,new_num_cases,new_num_deaths
2020-02-25,Brazil,SE,0,0,0,0
2020-02-26,Brazil,SE,0,0,0,0
2020-02-27,Brazil,SE,0,0,0,0
2020-02-28,Brazil,SE,0,0,0,0
2020-02-29,Brazil,SE,0,0,0,0
2020-03-01,Brazil,SE,0,0,0,0
2020-03-02,Brazil,SE,0,0,0,0
2020-03-03,Brazil,SE,0,0,0,0
2020-03-04,Brazil,SE,0,0,0,0
2020-03-05,Brazil,SE,0,0,0,0
2020-03-06,Brazil,SE,0,0,0,0
2020-03-07,Brazil,SE,0,0,0,0
2020-03-08,Brazil,SE,0,0,0,0
2020-03-09,Brazil,SE,0,0,0,0
2020-03-10,Brazil,SE,0,0,0,0
2020-03-11,Brazil,SE,0,0,0,0
2020-03-12,Brazil,SE,0,0,0,0
2020-03-13,Brazil,SE,0,0,0,0
2020-03-14,Brazil,SE,1,0,1,0
2020-03-15,Brazil,SE,1,0,0,0
2020-03-16,Brazil,SE,5,0,4,0
2020-03-17,Brazil,SE,5,0,0,0
2020-03-18,Brazil,SE,6,0,1,0
2020-03-19,Brazil,SE,6,0,0,0
2020-03-20,Brazil,SE,7,0,1,0
2020-03-21,Brazil,SE,10,0,3,0
2020-03-22,Brazil,SE,10,0,0,0
2020-03-23,Brazil,SE,10,0,0,0
2020-03-24,Brazil,SE,15,0,5,0
2020-03-25,Brazil,SE,16,0,1,0
2020-03-26,Brazil,SE,16,0,0,0
2020-03-27,Brazil,SE,16,0,0,0
2020-03-28,Brazil,SE,16,0,0,0
2020-03-29,Brazil,SE,16,0,0,0
2020-03-30,Brazil,SE,18,0,2,0
2020-03-31,Brazil,SE,19,0,1,0
2020-04-01,Brazil,SE,22,0,3,0
2020-04-02,Brazil,SE,24,2,2,2
2020-04-03,Brazil,SE,27,2,3,0
2020-04-04,Brazil,SE,32,3,5,1
2020-04-05,Brazil,SE,32,3,0,0
2020-04-06,Brazil,SE,32,4,0,1
2020-04-07,Brazil,SE,36,4,4,0
2020-04-08,Brazil,SE,39,4,3,0
2020-04-09,Brazil,SE,40,4,1,0
2020-04-10,Brazil,SE,42,4,2,0
2020-04-11,Brazil,SE,44,4,2,0
2020-04-12,Brazil,SE,44,4,0,0
2020-04-13,Brazil,SE,45,4,1,0
2020-04-14,Brazil,SE,46,4,1,0
2020-04-15,Brazil,SE,48,4,2,0
2020-04-16,Brazil,SE,53,4,5,0
2020-04-17,Brazil,SE,58,4,5,0
2020-04-18,Brazil,SE,71,5,13,1
2020-04-19,Brazil,SE,86,5,15,0
2020-04-20,Brazil,SE,92,5,6,0
2020-04-21,Brazil,SE,117,7,25,2
2020-04-22,Brazil,SE,118,7,1,0
2020-04-23,Brazil,SE,135,8,17,1
2020-04-24,Brazil,SE,145,8,10,0
2020-04-25,Brazil,SE,154,9,9,1
2020-04-26,Brazil,SE,175,9,21,0
2020-04-27,Brazil,SE,211,11,36,2
2020-04-28,Brazil,SE,280,11,69,0
2020-04-29,Brazil,SE,280,11,0,0
2020-04-30,Brazil,SE,453,14,173,3
2020-05-01,Brazil,SE,517,14,64,0
2020-05-02,Brazil,SE,601,14,84,0
2020-05-03,Brazil,SE,730,14,129,0
2020-05-04,Brazil,SE,772,17,42,3
2020-05-05,Brazil,SE,898,21,126,4
2020-05-06,Brazil,SE,998,23,100,2
2020-05-07,Brazil,SE,1214,25,216,2
2020-05-08,Brazil,SE,1438,28,224,3
2020-05-09,Brazil,SE,1588,33,150,5
2020-05-10,Brazil,SE,1771,34,183,1
2020-05-11,Brazil,SE,1800,37,29,3
2020-05-12,Brazil,SE,2032,37,232,0
2020-05-13,Brazil,SE,2268,42,236,5
2020-05-14,Brazil,SE,2494,47,226,5
2020-05-15,Brazil,SE,2868,50,374,3
2020-05-16,Brazil,SE,3135,53,267,3
2020-05-17,Brazil,SE,3343,57,208,4
2020-05-18,Brazil,SE,3566,59,223,2
2020-05-19,Brazil,SE,3967,63,401,4
2020-05-20,Brazil,SE,4277,69,310,6
2020-05-21,Brazil,SE,4734,76,457,7
2020-05-22,Brazil,SE,4922,82,188,6
2020-05-23,Brazil,SE,5131,86,209,4
2020-05-24,Brazil,SE,5314,93,183,7
2020-05-25,Brazil,SE,5448,103,134,10
2020-05-26,Brazil,SE,5735,116,287,13
2020-05-27,Brazil,SE,5912,127,177,11
2020-05-28,Brazil,SE,6156,135,244,8
2020-05-29,Brazil,SE,6462,142,306,7
2020-05-30,Brazil,SE,6805,149,343,7
2020-05-31,Brazil,SE,6999,158,194,9
2020-06-01,Brazil,SE,7233,166,234,8
2020-06-02,Brazil,SE,7555,172,322,6
2020-06-03,Brazil,SE,7989,180,434,8
2020-06-04,Brazil,SE,8200,186,211,6
2020-06-05,Brazil,SE,8577,198,377,12
2020-06-06,Brazil,SE,8972,208,395,10
2020-06-07,Brazil,SE,9290,217,318,9
2020-06-08,Brazil,SE,9727,234,437,17
2020-06-09,Brazil,SE,10126,252,399,18
2020-06-10,Brazil,SE,10615,264,489,12
2020-06-11,Brazil,SE,11056,283,441,19
2020-06-12,Brazil,SE,11534,305,478,22
2020-06-13,Brazil,SE,12866,316,1332,11
2020-06-14,Brazil,SE,13968,330,1102,14
2020-06-15,Brazil,SE,15675,352,1707,22
2020-06-16,Brazil,SE,16310,364,635,12
2020-06-17,Brazil,SE,16807,383,497,19
2020-06-18,Brazil,SE,17338,400,531,17
2020-06-19,Brazil,SE,17808,426,470,26
2020-06-20,Brazil,SE,18449,448,641,22
2020-06-21,Brazil,SE,18985,462,536,14
2020-06-22,Brazil,SE,19384,491,399,29
2020-06-23,Brazil,SE,19883,511,499,20
2020-06-24,Brazil,SE,20353,524,470,13
2020-06-25,Brazil,SE,21081,554,728,30
2020-06-26,Brazil,SE,21908,579,827,25
2020-06-27,Brazil,SE,23319,605,1411,26
2020-06-28,Brazil,SE,24421,620,1102,15
2020-06-29,Brazil,SE,24817,653,396,33
2020-06-30,Brazil,SE,25411,676,594,23
2020-07-01,Brazil,SE,26612,725,1201,49
2020-07-02,Brazil,SE,26612,725,0,0
2020-07-03,Brazil,SE,28186,764,1574,39
2020-07-04,Brazil,SE,29761,783,1575,19
2020-07-05,Brazil,SE,30217,798,456,15
2020-07-06,Brazil,SE,30718,826,501,28
2020-07-07,Brazil,SE,31640,851,922,25
2020-07-08,Brazil,SE,32490,875,850,24
2020-07-09,Brazil,SE,33416,901,926,26
2020-07-10,Brazil,SE,34713,931,1297,30
2020-07-11,Brazil,SE,36046,954,1333,23
2020-07-12,Brazil,SE,37631,984,1585,30
2020-07-13,Brazil,SE,38221,1012,590,28
2020-07-14,Brazil,SE,39167,1033,946,21
2020-07-15,Brazil,SE,40139,1054,972,21
2020-07-16,Brazil,SE,41226,1071,1087,17
2020-07-17,Brazil,SE,41888,1088,662,17
2020-07-18,Brazil,SE,43072,1111,1184,23
2020-07-19,Brazil,SE,45243,1125,2171,14
2020-07-20,Brazil,SE,46059,1156,816,31
2020-07-21,Brazil,SE,47110,1182,1051,26
2020-07-22,Brazil,SE,48140,1211,1030,29
2020-07-23,Brazil,SE,49397,1247,1257,36
2020-07-24,Brazil,SE,51132,1284,1735,37
2020-07-25,Brazil,SE,52264,1303,1132,19
2020-07-26,Brazil,SE,52603,1314,339,11
2020-07-27,Brazil,SE,53612,1340,1009,26
2020-07-28,Brazil,SE,55009,1359,1397,19
2020-07-29,Brazil,SE,56214,1390,1205,31
2020-07-30,Brazil,SE,57684,1408,1470,18
2020-07-31,Brazil,SE,58713,1434,1029,26
2020-08-01,Brazil,SE,59724,1448,1011,14
2020-08-02,Brazil,SE,60035,1465,311,17
2020-08-03,Brazil,SE,60479,1489,444,24
2020-08-04,Brazil,SE,61069,1509,590,20
2020-08-05,Brazil,SE,61986,1525,917,16
2020-08-06,Brazil,SE,63728,1558,1742,33
2020-08-07,Brazil,SE,63728,1558,0,0
2020-08-08,Brazil,SE,64271,1577,543,19
2020-08-09,Brazil,SE,64693,1589,422,12
2020-08-10,Brazil,SE,64974,1614,281,25
2020-08-11,Brazil,SE,65455,1633,481,19
2020-08-12,Brazil,SE,65865,1653,410,20
2020-08-13,Brazil,SE,66810,1670,945,17
2020-08-14,Brazil,SE,67225,1684,415,14
2020-08-15,Brazil,SE,67701,1696,476,12
2020-08-16,Brazil,SE,67997,1705,296,9
2020-08-17,Brazil,SE,68313,1717,316,12
2020-08-18,Brazil,SE,68699,1729,386,12
2020-08-19,Brazil,SE,69067,1745,368,16
2020-08-20,Brazil,SE,69502,1757,435,12
2020-08-21,Brazil,SE,69845,1761,343,4
2020-08-22,Brazil,SE,70252,1771,407,10
2020-08-23,Brazil,SE,70472,1782,220,11
2020-08-24,Brazil,SE,70606,1793,134,11
2020-08-25,Brazil,SE,70926,1808,320,15
2020-08-26,Brazil,SE,71222,1822,296,14
2020-08-27,Brazil,SE,71599,1830,377,8
2020-08-28,Brazil,SE,72039,1837,440,7
2020-08-29,Brazil,SE,72280,1839,241,2
2020-08-30,Brazil,SE,72417,1844,137,5
2020-08-31,Brazil,SE,72528,1857,111,13
2020-09-01,Brazil,SE,72721,1867,193,10
2020-09-02,Brazil,SE,72931,1873,210,6
2020-09-03,Brazil,SE,73182,1877,251,4
2020-09-04,Brazil,SE,73383,1880,201,3
2020-09-05,Brazil,SE,73631,1885,248,5
2020-09-06,Brazil,SE,73740,1893,109,8
2020-09-07,Brazil,SE,73846,1898,106,5
2020-09-08,Brazil,SE,73846,1898,0,0
2020-09-09,Brazil,SE,74121,1920,275,22
2020-09-10,Brazil,SE,74386,1933,265,13
2020-09-11,Brazil,SE,74645,1939,259,6
2020-09-12,Brazil,SE,74765,1945,120,6
2020-09-13,Brazil,SE,74833,1949,68,4
2020-09-14,Brazil,SE,75046,1956,213,7
2020-09-15,Brazil,SE,75203,1962,157,6
2020-09-16,Brazil,SE,75342,1965,139,3
2020-09-17,Brazil,SE,75560,1968,218,3
2020-09-18,Brazil,SE,75664,1972,104,4
2020-09-19,Brazil,SE,75772,1976,108,4
2020-09-20,Brazil,SE,75873,1981,101,5
2020-09-21,Brazil,SE,76073,1987,200,6
2020-09-22,Brazil,SE,76193,1993,120,6
2020-09-23,Brazil,SE,76353,1999,160,6
2020-09-24,Brazil,SE,76603,2004,250,5
2020-09-25,Brazil,SE,76727,2010,124,6
2020-09-26,Brazil,SE,76917,2015,190,5
2020-09-27,Brazil,SE,77083,2019,166,4
2020-09-28,Brazil,SE,77172,2025,89,6
2020-09-29,Brazil,SE,77280,2031,108,6
2020-09-30,Brazil,SE,77440,2036,160,5
2020-10-01,Brazil,SE,77635,2040,195,4
2020-10-02,Brazil,SE,77779,2045,144,5
2020-10-03,Brazil,SE,78002,2051,223,6
2020-10-04,Brazil,SE,78195,2055,193,4
2020-10-05,Brazil,SE,78380,2061,185,6
2020-10-06,Brazil,SE,78525,2067,145,6
2020-10-07,Brazil,SE,78692,2072,167,5
2020-10-08,Brazil,SE,78957,2078,265,6
2020-10-09,Brazil,SE,79245,2083,288,5
2020-10-10,Brazil,SE,79501,2089,256,6
2020-10-11,Brazil,SE,79896,2095,395,6
2020-10-12,Brazil,SE,79975,2102,79,7
2020-10-13,Brazil,SE,80234,2107,259,5
2020-10-14,Brazil,SE,80427,2113,193,6
2020-10-15,Brazil,SE,80733,2118,306,5
2020-10-16,Brazil,SE,80925,2124,192,6
2020-10-17,Brazil,SE,81119,2129,194,5
2020-10-18,Brazil,SE,81564,2134,445,5
2020-10-19,Brazil,SE,82040,2139,476,5
2020-10-20,Brazil,SE,82301,2145,261,6
2020-10-21,Brazil,SE,82826,2151,525,6
2020-10-22,Brazil,SE,83139,2157,313,6
2020-10-23,Brazil,SE,83407,2163,268,6
2020-10-24,Brazil,SE,83646,2168,239,5
2020-10-25,Brazil,SE,83794,2172,148,4
2020-10-26,Brazil,SE,83863,2178,69,6
2020-10-27,Brazil,SE,83965,2184,102,6
2020-10-28,Brazil,SE,84048,2190,83,6
2020-10-29,Brazil,SE,84171,2195,123,5
2020-10-30,Brazil,SE,84237,2201,66,6
2020-10-31,Brazil,SE,84326,2206,89,5
2020-11-01,Brazil,SE,84362,2211,36,5
2020-11-02,Brazil,SE,84491,2217,129,6
2020-11-03,Brazil,SE,84577,2223,86,6
2020-11-04,Brazil,SE,84709,2228,132,5
2020-11-05,Brazil,SE,84810,2231,101,3
2020-11-06,Brazil,SE,85053,2235,243,4
2020-11-07,Brazil,SE,85226,2239,173,4
2020-11-08,Brazil,SE,85377,2243,151,4
2020-11-09,Brazil,SE,85477,2244,100,1
2020-11-10,Brazil,SE,85574,2246,97,2
2020-11-11,Brazil,SE,85643,2247,69,1
2020-11-12,Brazil,SE,85804,2250,161,3
2020-11-13,Brazil,SE,85893,2254,89,4
2020-11-14,Brazil,SE,85980,2257,87,3
2020-11-15,Brazil,SE,86045,2259,65,2
2020-11-16,Brazil,SE,86146,2260,101,1
2020-11-17,Brazil,SE,86273,2263,127,3
2020-11-18,Brazil,SE,86361,2266,88,3
2020-11-19,Brazil,SE,86612,2270,251,4
2020-11-20,Brazil,SE,86847,2274,235,4
2020-11-21,Brazil,SE,87089,2274,242,0
2020-11-22,Brazil,SE,87248,2275,159,1
2020-11-23,Brazil,SE,87477,2279,229,4
2020-11-24,Brazil,SE,87800,2283,323,4
2020-11-25,Brazil,SE,88100,2288,300,5
2020-11-26,Brazil,SE,88661,2292,561,4
2020-11-27,Brazil,SE,88999,2296,338,4
2020-11-28,Brazil,SE,89507,2300,508,4
2020-11-29,Brazil,SE,89998,2304,491,4
2020-11-30,Brazil,SE,90148,2308,150,4
2020-12-01,Brazil,SE,90386,2312,238,4
2020-12-02,Brazil,SE,90920,2316,534,4
2020-12-03,Brazil,SE,91718,2320,798,4
2020-12-04,Brazil,SE,91793,2324,75,4
2020-12-05,Brazil,SE,91854,2329,61,5
2020-12-06,Brazil,SE,94451,2333,2597,4
2020-12-07,Brazil,SE,95174,2337,723,4
2020-12-08,Brazil,SE,95493,2341,319,4
2020-12-09,Brazil,SE,96346,2346,853,5
2020-12-10,Brazil,SE,96990,2351,644,5
2020-12-11,Brazil,SE,97562,2356,572,5
2020-12-12,Brazil,SE,98472,2361,910,5
2020-12-13,Brazil,SE,99151,2365,679,4
2020-12-14,Brazil,SE,99753,2370,602,5
2020-12-15,Brazil,SE,100371,2374,618,4
2020-12-16,Brazil,SE,101148,2381,777,7
2020-12-17,Brazil,SE,101706,2387,558,6
2020-12-18,Brazil,SE,101810,2394,104,7
2020-12-19,Brazil,SE,103042,2401,1232,7
2020-12-20,Brazil,SE,103955,2407,913,6
2020-12-21,Brazil,SE,104426,2413,471,6
2020-12-22,Brazil,SE,105018,2420,592,7
2020-12-23,Brazil,SE,105673,2427,655,7
2020-12-24,Brazil,SE,106896,2434,1223,7
2020-12-25,Brazil,SE,107721,2441,825,7
2020-12-26,Brazil,SE,108166,2448,445,7
2020-12-27,Brazil,SE,108943,2454,777,6
2020-12-28,Brazil,SE,110001,2461,1058,7
2020-12-29,Brazil,SE,110804,2468,803,7
2020-12-30,Brazil,SE,111735,2476,931,8
2020-12-31,Brazil,SE,112505,2484,770,8
2021-01-01,Brazil,SE,113544,2492,1039,8
2021-01-02,Brazil,SE,113916,2500,372,8
2021-01-03,Brazil,SE,114685,2508,769,8
2021-01-04,Brazil,SE,115636,2516,951,8
2021-01-05,Brazil,SE,116779,2524,1143,8
2021-01-06,Brazil,SE,117818,2532,1039,8
2021-01-07,Brazil,SE,119045,2544,1227,12
2021-01-08,Brazil,SE,120262,2554,1217,10
2021-01-09,Brazil,SE,121222,2563,960,9
2021-01-10,Brazil,SE,122594,2574,1372,11
2021-01-11,Brazil,SE,123836,2585,1242,11
2021-01-12,Brazil,SE,124276,2595,440,10
2021-01-13,Brazil,SE,124942,2607,666,12
2021-01-14,Brazil,SE,126204,2617,1262,10
2021-01-15,Brazil,SE,127349,2629,1145,12
2021-01-16,Brazil,SE,127715,2640,366,11
2021-01-17,Brazil,SE,128395,2652,680,12
2021-01-18,Brazil,SE,128854,2662,459,10
2021-01-19,Brazil,SE,129505,2674,651,12
2021-01-20,Brazil,SE,130286,2685,781,11
2021-01-21,Brazil,SE,131023,2697,737,12
2021-01-22,Brazil,SE,131835,2710,812,13
2021-01-23,Brazil,SE,132337,2719,502,9
2021-01-24,Brazil,SE,132829,2727,492,8
2021-01-25,Brazil,SE,133655,2736,826,9
2021-01-26,Brazil,SE,134003,2746,348,10
2021-01-27,Brazil,SE,134556,2755,553,9
2021-01-28,Brazil,SE,135385,2760,829,5
2021-01-29,Brazil,SE,136280,2766,895,6
2021-01-30,Brazil,SE,136799,2773,519,7
2021-01-31,Brazil,SE,137417,2778,618,5
2021-02-01,Brazil,SE,138187,2786,770,8
2021-02-02,Brazil,SE,138611,2794,424,8
2021-02-03,Brazil,SE,139223,2801,612,7
2021-02-04,Brazil,SE,139611,2809,388,8
2021-02-05,Brazil,SE,140005,2818,394,9
2021-02-06,Brazil,SE,140272,2826,267,8
2021-02-07,Brazil,SE,140623,2827,351,1
2021-02-08,Brazil,SE,141464,2834,841,7
2021-02-09,Brazil,SE,142073,2842,609,8
2021-02-10,Brazil,SE,142901,2849,828,7
2021-02-11,Brazil,SE,143400,2855,499,6
2021-02-12,Brazil,SE,143837,2861,437,6
2021-02-13,Brazil,SE,144493,2869,656,8
2021-02-14,Brazil,SE,145029,2876,536,7
2021-02-15,Brazil,SE,145677,2881,648,5
2021-02-16,Brazil,SE,146094,2886,417,5
2021-02-17,Brazil,SE,146558,2893,464,7
2021-02-18,Brazil,SE,146837,2896,279,3
2021-02-19,Brazil,SE,147266,2901,429,5
2021-02-20,Brazil,SE,147599,2906,333,5
2021-02-21,Brazil,SE,148026,2909,427,3
2021-02-22,Brazil,SE,148372,2914,346,5
2021-02-23,Brazil,SE,148627,2921,255,7
2021-02-24,Brazil,SE,149077,2930,450,9
2021-02-25,Brazil,SE,149637,2940,560,10
2021-02-26,Brazil,SE,150042,2947,405,7
2021-02-27,Brazil,SE,150533,2955,491,8
2021-02-28,Brazil,SE,151411,2961,878,6
2021-03-01,Brazil,SE,152003,2969,592,8
2021-03-02,Brazil,SE,152367,2976,364,7
2021-03-03,Brazil,SE,152986,2984,619,8
2021-03-04,Brazil,SE,153482,2993,496,9
2021-03-05,Brazil,SE,154031,3003,549,10
2021-03-06,Brazil,SE,154175,3013,144,10
2021-03-07,Brazil,SE,155384,3023,1209,10
2021-03-08,Brazil,SE,156109,3032,725,9
2021-03-09,Brazil,SE,156491,3043,382,11
2021-03-10,Brazil,SE,157088,3057,597,14
2021-03-11,Brazil,SE,157340,3072,252,15
2021-03-12,Brazil,SE,157535,3088,195,16
2021-03-13,Brazil,SE,158251,3105,716,17
2021-03-14,Brazil,SE,158800,3123,549,18
2021-03-15,Brazil,SE,159857,3141,1057,18
2021-03-16,Brazil,SE,160373,3163,516,22
2021-03-17,Brazil,SE,161841,3187,1468,24
2021-03-18,Brazil,SE,162651,3210,810,23
2021-03-19,Brazil,SE,163528,3234,877,24
2021-03-20,Brazil,SE,164590,3257,1062,23
2021-03-21,Brazil,SE,165916,3276,1326,19
2021-03-22,Brazil,SE,166617,3298,701,22
2021-03-23,Brazil,SE,167736,3322,1119,24
2021-03-24,Brazil,SE,168536,3347,800,25
2021-03-25,Brazil,SE,169458,3368,922,21
2021-03-26,Brazil,SE,170413,3389,955,21
2021-03-27,Brazil,SE,171261,3411,848,22
2021-03-28,Brazil,SE,171701,3432,440,21
2021-03-29,Brazil,SE,172886,3456,1185,24
2021-03-30,Brazil,SE,173693,3478,807,22
2021-03-31,Brazil,SE,174600,3501,907,23
2021-04-01,Brazil,SE,175582,3525,982,24
2021-04-02,Brazil,SE,176357,3550,775,25
2021-04-03,Brazil,SE,177261,3572,904,22
2021-04-04,Brazil,SE,178301,3592,1040,20
2021-04-05,Brazil,SE,179278,3617,977,25
2021-04-06,Brazil,SE,179790,3642,512,25
2021-04-07,Brazil,SE,180483,3668,693,26
2021-04-08,Brazil,SE,181312,3693,829,25
2021-04-09,Brazil,SE,182014,3719,702,26
2021-04-10,Brazil,SE,183112,3744,1098,25
2021-04-11,Brazil,SE,184113,3770,1001,26
2021-04-12,Brazil,SE,184959,3796,846,26
2021-04-13,Brazil,SE,186018,3822,1059,26
2021-04-14,Brazil,SE,186983,3849,965,27
2021-04-15,Brazil,SE,187656,3876,673,27
