date,country,state,accumulated_num_cases,accumulated_num_deaths,new_num_cases,new_num_deaths
2020-02-25,Brazil,CE,0,0,0,0
2020-02-26,Brazil,CE,0,0,0,0
2020-02-27,Brazil,CE,0,0,0,0
2020-02-28,Brazil,CE,0,0,0,0
2020-02-29,Brazil,CE,0,0,0,0
2020-03-01,Brazil,CE,0,0,0,0
2020-03-02,Brazil,CE,0,0,0,0
2020-03-03,Brazil,CE,0,0,0,0
2020-03-04,Brazil,CE,0,0,0,0
2020-03-05,Brazil,CE,0,0,0,0
2020-03-06,Brazil,CE,0,0,0,0
2020-03-07,Brazil,CE,0,0,0,0
2020-03-08,Brazil,CE,0,0,0,0
2020-03-09,Brazil,CE,0,0,0,0
2020-03-10,Brazil,CE,0,0,0,0
2020-03-11,Brazil,CE,0,0,0,0
2020-03-12,Brazil,CE,0,0,0,0
2020-03-13,Brazil,CE,0,0,0,0
2020-03-14,Brazil,CE,0,0,0,0
2020-03-15,Brazil,CE,0,0,0,0
2020-03-16,Brazil,CE,9,0,9,0
2020-03-17,Brazil,CE,10,0,1,0
2020-03-18,Brazil,CE,19,0,9,0
2020-03-19,Brazil,CE,24,0,5,0
2020-03-20,Brazil,CE,68,0,44,0
2020-03-21,Brazil,CE,84,0,16,0
2020-03-22,Brazil,CE,125,0,41,0
2020-03-23,Brazil,CE,164,0,39,0
2020-03-24,Brazil,CE,185,0,21,0
2020-03-25,Brazil,CE,211,0,26,0
2020-03-26,Brazil,CE,237,3,26,3
2020-03-27,Brazil,CE,282,3,45,0
2020-03-28,Brazil,CE,322,4,40,1
2020-03-29,Brazil,CE,359,5,37,1
2020-03-30,Brazil,CE,382,5,23,0
2020-03-31,Brazil,CE,401,7,19,2
2020-04-01,Brazil,CE,445,9,44,2
2020-04-02,Brazil,CE,563,21,118,12
2020-04-03,Brazil,CE,658,22,95,1
2020-04-04,Brazil,CE,745,23,87,1
2020-04-05,Brazil,CE,960,35,215,12
2020-04-06,Brazil,CE,1045,35,85,0
2020-04-07,Brazil,CE,1188,40,143,5
2020-04-08,Brazil,CE,1394,57,206,17
2020-04-09,Brazil,CE,1445,57,51,0
2020-04-10,Brazil,CE,1558,67,113,10
2020-04-11,Brazil,CE,1668,74,110,7
2020-04-12,Brazil,CE,1747,76,79,2
2020-04-13,Brazil,CE,1935,101,188,25
2020-04-14,Brazil,CE,2070,111,135,10
2020-04-15,Brazil,CE,2291,124,221,13
2020-04-16,Brazil,CE,2412,135,121,11
2020-04-17,Brazil,CE,2747,155,335,20
2020-04-18,Brazil,CE,3062,180,315,25
2020-04-19,Brazil,CE,3306,189,244,9
2020-04-20,Brazil,CE,3485,206,179,17
2020-04-21,Brazil,CE,3682,221,197,15
2020-04-22,Brazil,CE,4116,239,434,18
2020-04-23,Brazil,CE,4702,271,586,32
2020-04-24,Brazil,CE,5121,293,419,22
2020-04-25,Brazil,CE,5667,326,546,33
2020-04-26,Brazil,CE,6260,376,593,50
2020-04-27,Brazil,CE,6783,397,523,21
2020-04-28,Brazil,CE,6985,417,202,20
2020-04-29,Brazil,CE,7409,450,424,33
2020-04-30,Brazil,CE,7861,492,452,42
2020-05-01,Brazil,CE,8000,539,139,47
2020-05-02,Brazil,CE,8309,638,309,99
2020-05-03,Brazil,CE,8379,677,70,39
2020-05-04,Brazil,CE,11040,712,2661,35
2020-05-05,Brazil,CE,11470,795,430,83
2020-05-06,Brazil,CE,12310,849,840,54
2020-05-07,Brazil,CE,13888,903,1578,54
2020-05-08,Brazil,CE,15134,997,1246,94
2020-05-09,Brazil,CE,15879,1062,745,65
2020-05-10,Brazil,CE,16692,1114,813,52
2020-05-11,Brazil,CE,17599,1189,907,75
2020-05-12,Brazil,CE,18412,1280,813,91
2020-05-13,Brazil,CE,19156,1389,744,109
2020-05-14,Brazil,CE,21077,1413,1921,24
2020-05-15,Brazil,CE,23059,1566,1982,153
2020-05-16,Brazil,CE,23795,1614,736,48
2020-05-17,Brazil,CE,24255,1641,460,27
2020-05-18,Brazil,CE,26363,1748,2108,107
2020-05-19,Brazil,CE,28112,1856,1749,108
2020-05-20,Brazil,CE,30560,1900,2448,44
2020-05-21,Brazil,CE,31413,2161,853,261
2020-05-22,Brazil,CE,34573,2251,3160,90
2020-05-23,Brazil,CE,35122,2308,549,57
2020-05-24,Brazil,CE,35595,2324,473,16
2020-05-25,Brazil,CE,36185,2493,590,169
2020-05-26,Brazil,CE,37021,2603,836,110
2020-05-27,Brazil,CE,37275,2671,254,68
2020-05-28,Brazil,CE,37821,2733,546,62
2020-05-29,Brazil,CE,38395,2859,574,126
2020-05-30,Brazil,CE,47822,2956,9427,97
2020-05-31,Brazil,CE,48489,3010,667,54
2020-06-01,Brazil,CE,50504,3188,2015,178
2020-06-02,Brazil,CE,54683,3504,4179,316
2020-06-03,Brazil,CE,56056,3605,1373,101
2020-06-04,Brazil,CE,59795,3813,3739,208
2020-06-05,Brazil,CE,62176,3907,2381,94
2020-06-06,Brazil,CE,63575,3965,1399,58
2020-06-07,Brazil,CE,64271,3982,696,17
2020-06-08,Brazil,CE,66218,4192,1947,210
2020-06-09,Brazil,CE,69023,4359,2805,167
2020-06-10,Brazil,CE,71947,4519,2924,160
2020-06-11,Brazil,CE,74692,4708,2745,189
2020-06-12,Brazil,CE,75784,4812,1092,104
2020-06-13,Brazil,CE,76429,4829,645,17
2020-06-14,Brazil,CE,76833,4885,404,56
2020-06-15,Brazil,CE,79853,5041,3020,156
2020-06-16,Brazil,CE,82169,5192,2316,151
2020-06-17,Brazil,CE,85606,5307,3437,115
2020-06-18,Brazil,CE,88132,5393,2526,86
2020-06-19,Brazil,CE,90441,5497,2309,104
2020-06-20,Brazil,CE,92397,5520,1956,23
2020-06-21,Brazil,CE,92866,5523,469,3
2020-06-22,Brazil,CE,94708,5618,1842,95
2020-06-23,Brazil,CE,98055,5728,3347,110
2020-06-24,Brazil,CE,99578,5815,1523,87
2020-06-25,Brazil,CE,103118,5895,3540,80
2020-06-26,Brazil,CE,105270,5962,2152,67
2020-06-27,Brazil,CE,107064,5987,1794,25
2020-06-28,Brazil,CE,107593,5995,529,8
2020-06-29,Brazil,CE,108225,6076,632,81
2020-06-30,Brazil,CE,110483,6146,2258,70
2020-07-01,Brazil,CE,114038,6203,3555,57
2020-07-02,Brazil,CE,116519,6307,2481,104
2020-07-03,Brazil,CE,118311,6373,1792,66
2020-07-04,Brazil,CE,121464,6441,3153,68
2020-07-05,Brazil,CE,121986,6439,522,-2
2020-07-06,Brazil,CE,123394,6504,1408,65
2020-07-07,Brazil,CE,126142,6563,2748,59
2020-07-08,Brazil,CE,129598,6678,3456,115
2020-07-09,Brazil,CE,131324,6774,1726,96
2020-07-10,Brazil,CE,134610,6842,3286,68
2020-07-11,Brazil,CE,136001,6867,1391,25
2020-07-12,Brazil,CE,136790,6869,789,2
2020-07-13,Brazil,CE,137234,6975,444,106
2020-07-14,Brazil,CE,139437,6977,2203,2
2020-07-15,Brazil,CE,141832,7081,2395,104
2020-07-16,Brazil,CE,144058,7139,2226,58
2020-07-17,Brazil,CE,146064,7166,2006,27
2020-07-18,Brazil,CE,146972,7178,908,12
2020-07-19,Brazil,CE,147378,7179,406,1
2020-07-20,Brazil,CE,147818,7256,440,77
2020-07-21,Brazil,CE,151072,7305,3254,49
2020-07-22,Brazil,CE,154381,7329,3309,24
2020-07-23,Brazil,CE,156265,7411,1884,82
2020-07-24,Brazil,CE,159953,7456,3688,45
2020-07-25,Brazil,CE,161844,7480,1891,24
2020-07-26,Brazil,CE,162086,7494,242,14
2020-07-27,Brazil,CE,162429,7509,343,15
2020-07-28,Brazil,CE,165703,7616,3274,107
2020-07-29,Brazil,CE,169138,7648,3435,32
2020-07-30,Brazil,CE,171565,7664,2427,16
2020-07-31,Brazil,CE,174662,7692,3097,28
2020-08-01,Brazil,CE,176371,7704,1709,12
2020-08-02,Brazil,CE,176773,7710,402,6
2020-08-03,Brazil,CE,176972,7761,199,51
2020-08-04,Brazil,CE,179976,7821,3004,60
2020-08-05,Brazil,CE,182453,7873,2477,52
2020-08-06,Brazil,CE,184100,7921,1647,48
2020-08-07,Brazil,CE,186563,7946,2463,25
2020-08-08,Brazil,CE,188289,7954,1726,8
2020-08-09,Brazil,CE,188638,7979,349,25
2020-08-10,Brazil,CE,189023,7994,385,15
2020-08-11,Brazil,CE,191540,8043,2517,49
2020-08-12,Brazil,CE,192652,8076,1112,33
2020-08-13,Brazil,CE,195298,8113,2646,37
2020-08-14,Brazil,CE,196667,8127,1369,14
2020-08-15,Brazil,CE,197381,8129,714,2
2020-08-16,Brazil,CE,197691,8133,310,4
2020-08-17,Brazil,CE,198252,8172,561,39
2020-08-18,Brazil,CE,199828,8202,1576,30
2020-08-19,Brazil,CE,201201,8241,1373,39
2020-08-20,Brazil,CE,202422,8245,1221,4
2020-08-21,Brazil,CE,202999,8268,577,23
2020-08-22,Brazil,CE,204931,8288,1932,20
2020-08-23,Brazil,CE,205441,8289,510,1
2020-08-24,Brazil,CE,205875,8335,434,46
2020-08-25,Brazil,CE,207631,8346,1756,11
2020-08-26,Brazil,CE,209363,8362,1732,16
2020-08-27,Brazil,CE,211053,8374,1690,12
2020-08-28,Brazil,CE,213238,8380,2185,6
2020-08-29,Brazil,CE,214094,8382,856,2
2020-08-30,Brazil,CE,214457,8384,363,2
2020-08-31,Brazil,CE,214953,8409,496,25
2020-09-01,Brazil,CE,217295,8459,2342,50
2020-09-02,Brazil,CE,218414,8481,1119,22
2020-09-03,Brazil,CE,220040,8532,1626,51
2020-09-04,Brazil,CE,221828,8563,1788,31
2020-09-05,Brazil,CE,222179,8565,351,2
2020-09-06,Brazil,CE,222412,8566,233,1
2020-09-07,Brazil,CE,222473,8567,61,1
2020-09-08,Brazil,CE,222884,8588,411,21
2020-09-09,Brazil,CE,223863,8634,979,46
2020-09-10,Brazil,CE,224847,8657,984,23
2020-09-11,Brazil,CE,226021,8683,1174,26
2020-09-12,Brazil,CE,227075,8685,1054,2
2020-09-13,Brazil,CE,227449,8686,374,1
2020-09-14,Brazil,CE,227799,8698,350,12
2020-09-15,Brazil,CE,229250,8749,1451,51
2020-09-16,Brazil,CE,230406,8764,1156,15
2020-09-17,Brazil,CE,231510,8781,1104,17
2020-09-18,Brazil,CE,232950,8795,1440,14
2020-09-19,Brazil,CE,233600,8801,650,6
2020-09-20,Brazil,CE,233891,8815,291,14
2020-09-21,Brazil,CE,234120,8834,229,19
2020-09-22,Brazil,CE,235222,8850,1102,16
2020-09-23,Brazil,CE,236591,8876,1369,26
2020-09-24,Brazil,CE,237147,8891,556,15
2020-09-25,Brazil,CE,237857,8905,710,14
2020-09-26,Brazil,CE,238582,8918,725,13
2020-09-27,Brazil,CE,239062,8921,480,3
2020-09-28,Brazil,CE,239465,8948,403,27
2020-09-29,Brazil,CE,240139,8957,674,9
2020-09-30,Brazil,CE,241159,8994,1020,37
2020-10-01,Brazil,CE,242021,9047,862,53
2020-10-02,Brazil,CE,242490,9047,469,0
2020-10-03,Brazil,CE,242820,9051,330,4
2020-10-04,Brazil,CE,243091,9054,271,3
2020-10-05,Brazil,CE,254588,9067,11497,13
2020-10-06,Brazil,CE,256032,9090,1444,23
2020-10-07,Brazil,CE,257409,9104,1377,14
2020-10-08,Brazil,CE,258356,9124,947,20
2020-10-09,Brazil,CE,258742,9129,386,5
2020-10-10,Brazil,CE,259767,9133,1025,4
2020-10-11,Brazil,CE,260154,9134,387,1
2020-10-12,Brazil,CE,260336,9135,182,1
2020-10-13,Brazil,CE,260642,9140,306,5
2020-10-14,Brazil,CE,261504,9184,862,44
2020-10-15,Brazil,CE,262831,9199,1327,15
2020-10-16,Brazil,CE,264172,9202,1341,3
2020-10-17,Brazil,CE,264245,9207,73,5
2020-10-18,Brazil,CE,265102,9210,857,3
2020-10-19,Brazil,CE,265875,9217,773,7
2020-10-20,Brazil,CE,266316,9227,441,10
2020-10-21,Brazil,CE,267721,9243,1405,16
2020-10-22,Brazil,CE,268345,9243,624,0
2020-10-23,Brazil,CE,269255,9245,910,2
2020-10-24,Brazil,CE,270070,9248,815,3
2020-10-25,Brazil,CE,270378,9259,308,11
2020-10-26,Brazil,CE,270867,9293,489,34
2020-10-27,Brazil,CE,271565,9323,698,30
2020-10-28,Brazil,CE,272290,9326,725,3
2020-10-29,Brazil,CE,273194,9335,904,9
2020-10-30,Brazil,CE,273743,9344,549,9
2020-10-31,Brazil,CE,274185,9353,442,9
2020-11-01,Brazil,CE,274341,9360,156,7
2020-11-02,Brazil,CE,274673,9362,332,2
2020-11-03,Brazil,CE,275025,9365,352,3
2020-11-04,Brazil,CE,276012,9385,987,20
2020-11-05,Brazil,CE,277072,9392,1060,7
2020-11-06,Brazil,CE,277252,9393,180,1
2020-11-07,Brazil,CE,278053,9395,801,2
2020-11-08,Brazil,CE,278350,9402,297,7
2020-11-09,Brazil,CE,278986,9407,636,5
2020-11-10,Brazil,CE,279322,9416,336,9
2020-11-11,Brazil,CE,279989,9418,667,2
2020-11-12,Brazil,CE,282471,9430,2482,12
2020-11-13,Brazil,CE,283463,9435,992,5
2020-11-14,Brazil,CE,284208,9439,745,4
2020-11-15,Brazil,CE,285666,9439,1458,0
2020-11-16,Brazil,CE,286674,9443,1008,4
2020-11-17,Brazil,CE,287629,9448,955,5
2020-11-18,Brazil,CE,288494,9466,865,18
2020-11-19,Brazil,CE,289550,9473,1056,7
2020-11-20,Brazil,CE,290484,9487,934,14
2020-11-21,Brazil,CE,291312,9487,828,0
2020-11-22,Brazil,CE,291617,9485,305,-2
2020-11-23,Brazil,CE,293249,9514,1632,29
2020-11-24,Brazil,CE,294116,9522,867,8
2020-11-25,Brazil,CE,295275,9532,1159,10
2020-11-26,Brazil,CE,297793,9565,2518,33
2020-11-27,Brazil,CE,298312,9598,519,33
2020-11-28,Brazil,CE,299590,9607,1278,9
2020-11-29,Brazil,CE,300134,9607,544,0
2020-11-30,Brazil,CE,301251,9628,1117,21
2020-12-01,Brazil,CE,301606,9638,355,10
2020-12-02,Brazil,CE,301802,9640,196,2
2020-12-03,Brazil,CE,303168,9657,1366,17
2020-12-04,Brazil,CE,303868,9683,700,26
2020-12-05,Brazil,CE,304443,9693,575,10
2020-12-06,Brazil,CE,304640,9704,197,11
2020-12-07,Brazil,CE,308273,9737,3633,33
2020-12-08,Brazil,CE,309168,9738,895,1
2020-12-09,Brazil,CE,312068,9762,2900,24
2020-12-10,Brazil,CE,313761,9772,1693,10
2020-12-11,Brazil,CE,314674,9774,913,2
2020-12-12,Brazil,CE,314674,9774,0,0
2020-12-13,Brazil,CE,315936,9786,1262,12
2020-12-14,Brazil,CE,316681,9802,745,16
2020-12-15,Brazil,CE,319989,9857,3308,55
2020-12-16,Brazil,CE,320685,9875,696,18
2020-12-17,Brazil,CE,321891,9897,1206,22
2020-12-18,Brazil,CE,322861,9909,970,12
2020-12-19,Brazil,CE,323506,9912,645,3
2020-12-20,Brazil,CE,323941,9916,435,4
2020-12-21,Brazil,CE,324894,9927,953,11
2020-12-22,Brazil,CE,325884,9939,990,12
2020-12-23,Brazil,CE,326519,9947,635,8
2020-12-24,Brazil,CE,327140,9952,621,5
2020-12-25,Brazil,CE,327832,9952,692,0
2020-12-26,Brazil,CE,327865,9952,33,0
2020-12-27,Brazil,CE,327982,9952,117,0
2020-12-28,Brazil,CE,329896,9960,1914,8
2020-12-29,Brazil,CE,330986,9971,1090,11
2020-12-30,Brazil,CE,332907,9986,1921,15
2020-12-31,Brazil,CE,335992,9993,3085,7
2021-01-01,Brazil,CE,336504,10004,512,11
2021-01-02,Brazil,CE,336574,10015,70,11
2021-01-03,Brazil,CE,336763,10024,189,9
2021-01-04,Brazil,CE,336975,10025,212,1
2021-01-05,Brazil,CE,339043,10053,2068,28
2021-01-06,Brazil,CE,340312,10062,1269,9
2021-01-07,Brazil,CE,342201,10106,1889,44
2021-01-08,Brazil,CE,343887,10137,1686,31
2021-01-09,Brazil,CE,344677,10150,790,13
2021-01-10,Brazil,CE,345002,10159,325,9
2021-01-11,Brazil,CE,345235,10162,233,3
2021-01-12,Brazil,CE,347518,10175,2283,13
2021-01-13,Brazil,CE,348912,10204,1394,29
2021-01-14,Brazil,CE,350571,10209,1659,5
2021-01-15,Brazil,CE,351731,10220,1160,11
2021-01-16,Brazil,CE,353979,10223,2248,3
2021-01-17,Brazil,CE,353979,10223,0,0
2021-01-18,Brazil,CE,356117,10240,2138,17
2021-01-19,Brazil,CE,356985,10243,868,3
2021-01-20,Brazil,CE,358404,10261,1419,18
2021-01-21,Brazil,CE,359678,10299,1274,38
2021-01-22,Brazil,CE,360973,10320,1295,21
2021-01-23,Brazil,CE,362351,10331,1378,11
2021-01-24,Brazil,CE,363967,10332,1616,1
2021-01-25,Brazil,CE,365640,10363,1673,31
2021-01-26,Brazil,CE,366789,10380,1149,17
2021-01-27,Brazil,CE,367722,10423,933,43
2021-01-28,Brazil,CE,369245,10449,1523,26
2021-01-29,Brazil,CE,370300,10465,1055,16
2021-01-30,Brazil,CE,370300,10465,0,0
2021-01-31,Brazil,CE,373611,10477,3311,12
2021-02-01,Brazil,CE,375024,10486,1413,9
2021-02-02,Brazil,CE,376628,10510,1604,24
2021-02-03,Brazil,CE,378191,10556,1563,46
2021-02-04,Brazil,CE,379553,10577,1362,21
2021-02-05,Brazil,CE,380993,10603,1440,26
2021-02-06,Brazil,CE,382597,10612,1604,9
2021-02-07,Brazil,CE,382597,10612,0,0
2021-02-08,Brazil,CE,384819,10619,2222,7
2021-02-09,Brazil,CE,387084,10652,2265,33
2021-02-10,Brazil,CE,388049,10670,965,18
2021-02-11,Brazil,CE,390857,10741,2808,71
2021-02-12,Brazil,CE,390857,10741,0,0
2021-02-13,Brazil,CE,393650,10822,2793,81
2021-02-14,Brazil,CE,394906,10834,1256,12
2021-02-15,Brazil,CE,396495,10836,1589,2
2021-02-16,Brazil,CE,408555,10868,12060,32
2021-02-17,Brazil,CE,408555,10868,0,0
2021-02-18,Brazil,CE,405710,10896,-2845,28
2021-02-19,Brazil,CE,406973,10922,1263,26
2021-02-20,Brazil,CE,408692,10944,1719,22
2021-02-21,Brazil,CE,410907,10968,2215,24
2021-02-22,Brazil,CE,411904,11008,997,40
2021-02-23,Brazil,CE,414492,11072,2588,64
2021-02-24,Brazil,CE,416790,11104,2298,32
2021-02-25,Brazil,CE,420369,11184,3579,80
2021-02-26,Brazil,CE,422782,11259,2413,75
2021-02-27,Brazil,CE,424599,11280,1817,21
2021-02-28,Brazil,CE,426511,11288,1912,8
2021-03-01,Brazil,CE,428314,11333,1803,45
2021-03-02,Brazil,CE,430184,11348,1870,15
2021-03-03,Brazil,CE,434154,11432,3970,84
2021-03-04,Brazil,CE,437923,11554,3769,122
2021-03-05,Brazil,CE,441484,11642,3561,88
2021-03-06,Brazil,CE,444221,11685,2737,43
2021-03-07,Brazil,CE,446613,11720,2392,35
2021-03-08,Brazil,CE,448542,11801,1929,81
2021-03-09,Brazil,CE,451279,11909,2737,108
2021-03-10,Brazil,CE,454325,12014,3046,105
2021-03-11,Brazil,CE,459782,12116,5457,102
2021-03-12,Brazil,CE,465531,12175,5749,59
2021-03-13,Brazil,CE,469723,12239,4192,64
2021-03-14,Brazil,CE,471693,12274,1970,35
2021-03-15,Brazil,CE,474978,12355,3285,81
2021-03-16,Brazil,CE,481071,12466,6093,111
2021-03-17,Brazil,CE,484921,12585,3850,119
2021-03-18,Brazil,CE,489224,12704,4303,119
2021-03-19,Brazil,CE,494049,12799,4825,95
2021-03-20,Brazil,CE,497030,12827,2981,28
2021-03-21,Brazil,CE,498400,12870,1370,43
2021-03-22,Brazil,CE,511019,12870,12619,0
2021-03-23,Brazil,CE,511170,13048,151,178
2021-03-24,Brazil,CE,514748,13297,3578,249
2021-03-25,Brazil,CE,516556,13313,1808,16
2021-03-26,Brazil,CE,516556,13313,0,0
2021-03-27,Brazil,CE,522805,13564,6249,251
2021-03-28,Brazil,CE,527185,13596,4380,32
2021-03-29,Brazil,CE,531231,13724,4046,128
2021-03-30,Brazil,CE,534983,13867,3752,143
2021-03-31,Brazil,CE,539569,14149,4586,282
2021-04-01,Brazil,CE,543754,14268,4185,119
2021-04-02,Brazil,CE,547414,14305,3660,37
2021-04-03,Brazil,CE,549267,14359,1853,54
2021-04-04,Brazil,CE,552009,14407,2742,48
2021-04-05,Brazil,CE,559431,14692,7422,285
2021-04-06,Brazil,CE,564524,14884,5093,192
2021-04-07,Brazil,CE,564524,14884,0,0
2021-04-08,Brazil,CE,575830,15066,11306,182
2021-04-09,Brazil,CE,580916,15412,5086,346
2021-04-10,Brazil,CE,584619,15427,3703,15
2021-04-11,Brazil,CE,588599,15478,3980,51
2021-04-12,Brazil,CE,591351,15533,2752,55
2021-04-13,Brazil,CE,597518,15650,6167,117
2021-04-14,Brazil,CE,597518,15650,0,0
2021-04-15,Brazil,CE,597518,15650,0,0
2021-04-16,Brazil,CE,609849,16075,12331,425
2021-04-17,Brazil,CE,620272,16208,10423,133
2021-04-18,Brazil,CE,623047,16235,2775,27
2021-04-19,Brazil,CE,623781,16307,734,72
2021-04-20,Brazil,CE,627692,16452,3911,145
2021-04-21,Brazil,CE,634609,16593,6917,141
2021-04-22,Brazil,CE,640588,16676,5979,83
2021-04-23,Brazil,CE,645440,16947,4852,271
2021-04-24,Brazil,CE,649484,16964,4044,17
2021-04-25,Brazil,CE,652148,16995,2664,31
2021-04-26,Brazil,CE,655133,17028,2985,33
2021-04-27,Brazil,CE,661844,17178,6711,150
2021-04-28,Brazil,CE,664449,17280,2605,102
2021-04-29,Brazil,CE,667528,17418,3079,138
2021-04-30,Brazil,CE,674717,17713,7189,295
2021-05-01,Brazil,CE,677403,17767,2686,54
2021-05-02,Brazil,CE,678271,17799,868,32
