date,country,state,accumulated_num_cases,accumulated_num_deaths,new_num_cases,new_num_deaths
2020-02-25,Brazil,PR,0,0,0,0
2020-02-26,Brazil,PR,0,0,0,0
2020-02-27,Brazil,PR,0,0,0,0
2020-02-28,Brazil,PR,0,0,0,0
2020-02-29,Brazil,PR,0,0,0,0
2020-03-01,Brazil,PR,0,0,0,0
2020-03-02,Brazil,PR,0,0,0,0
2020-03-03,Brazil,PR,0,0,0,0
2020-03-04,Brazil,PR,0,0,0,0
2020-03-05,Brazil,PR,0,0,0,0
2020-03-06,Brazil,PR,0,0,0,0
2020-03-07,Brazil,PR,0,0,0,0
2020-03-08,Brazil,PR,0,0,0,0
2020-03-09,Brazil,PR,0,0,0,0
2020-03-10,Brazil,PR,0,0,0,0
2020-03-11,Brazil,PR,0,0,0,0
2020-03-12,Brazil,PR,6,0,6,0
2020-03-13,Brazil,PR,6,0,0,0
2020-03-14,Brazil,PR,6,0,0,0
2020-03-15,Brazil,PR,6,0,0,0
2020-03-16,Brazil,PR,6,0,0,0
2020-03-17,Brazil,PR,12,0,6,0
2020-03-18,Brazil,PR,14,0,2,0
2020-03-19,Brazil,PR,23,0,9,0
2020-03-20,Brazil,PR,36,0,13,0
2020-03-21,Brazil,PR,43,0,7,0
2020-03-22,Brazil,PR,54,0,11,0
2020-03-23,Brazil,PR,60,0,6,0
2020-03-24,Brazil,PR,70,0,10,0
2020-03-25,Brazil,PR,97,0,27,0
2020-03-26,Brazil,PR,106,0,9,0
2020-03-27,Brazil,PR,125,2,19,2
2020-03-28,Brazil,PR,137,2,12,0
2020-03-29,Brazil,PR,152,2,15,0
2020-03-30,Brazil,PR,160,3,8,1
2020-03-31,Brazil,PR,185,3,25,0
2020-04-01,Brazil,PR,229,3,44,0
2020-04-02,Brazil,PR,258,4,29,1
2020-04-03,Brazil,PR,307,5,49,1
2020-04-04,Brazil,PR,401,7,94,2
2020-04-05,Brazil,PR,445,10,44,3
2020-04-06,Brazil,PR,466,14,21,4
2020-04-07,Brazil,PR,511,15,45,1
2020-04-08,Brazil,PR,550,17,39,2
2020-04-09,Brazil,PR,621,24,71,7
2020-04-10,Brazil,PR,655,26,34,2
2020-04-11,Brazil,PR,688,27,33,1
2020-04-12,Brazil,PR,750,31,62,4
2020-04-13,Brazil,PR,768,33,18,2
2020-04-14,Brazil,PR,803,39,35,6
2020-04-15,Brazil,PR,816,41,13,2
2020-04-16,Brazil,PR,845,43,29,2
2020-04-17,Brazil,PR,887,44,42,1
2020-04-18,Brazil,PR,960,49,73,5
2020-04-19,Brazil,PR,1002,52,42,3
2020-04-20,Brazil,PR,1022,53,20,1
2020-04-21,Brazil,PR,1039,55,17,2
2020-04-22,Brazil,PR,1077,60,38,5
2020-04-23,Brazil,PR,1096,62,19,2
2020-04-24,Brazil,PR,1133,67,37,5
2020-04-25,Brazil,PR,1155,71,22,4
2020-04-26,Brazil,PR,1171,75,16,4
2020-04-27,Brazil,PR,1201,77,30,2
2020-04-28,Brazil,PR,1286,79,85,2
2020-04-29,Brazil,PR,1364,84,78,5
2020-04-30,Brazil,PR,1423,88,59,4
2020-05-01,Brazil,PR,1464,92,41,4
2020-05-02,Brazil,PR,1510,93,46,1
2020-05-03,Brazil,PR,1533,96,23,3
2020-05-04,Brazil,PR,1581,97,48,1
2020-05-05,Brazil,PR,1608,102,27,5
2020-05-06,Brazil,PR,1647,104,39,2
2020-05-07,Brazil,PR,1678,107,31,3
2020-05-08,Brazil,PR,1734,109,56,2
2020-05-09,Brazil,PR,1809,110,75,1
2020-05-10,Brazil,PR,1859,112,50,2
2020-05-11,Brazil,PR,1873,114,14,2
2020-05-12,Brazil,PR,1930,116,57,2
2020-05-13,Brazil,PR,2023,120,93,4
2020-05-14,Brazil,PR,2091,122,68,2
2020-05-15,Brazil,PR,2167,124,76,2
2020-05-16,Brazil,PR,2272,126,105,2
2020-05-17,Brazil,PR,2316,127,44,1
2020-05-18,Brazil,PR,2390,130,74,3
2020-05-19,Brazil,PR,2519,133,129,3
2020-05-20,Brazil,PR,2656,140,137,7
2020-05-21,Brazil,PR,2855,144,199,4
2020-05-22,Brazil,PR,2985,149,130,5
2020-05-23,Brazil,PR,3147,153,162,4
2020-05-24,Brazil,PR,3260,156,113,3
2020-05-25,Brazil,PR,3384,160,124,4
2020-05-26,Brazil,PR,3567,164,183,4
2020-05-27,Brazil,PR,3768,167,201,3
2020-05-28,Brazil,PR,4041,174,273,7
2020-05-29,Brazil,PR,4300,178,259,4
2020-05-30,Brazil,PR,4538,186,238,8
2020-05-31,Brazil,PR,4752,187,214,1
2020-06-01,Brazil,PR,4900,195,148,8
2020-06-02,Brazil,PR,5235,204,335,9
2020-06-03,Brazil,PR,5567,210,332,6
2020-06-04,Brazil,PR,5895,220,328,10
2020-06-05,Brazil,PR,6434,233,539,13
2020-06-06,Brazil,PR,6693,239,259,6
2020-06-07,Brazil,PR,6987,244,294,5
2020-06-08,Brazil,PR,7121,250,134,6
2020-06-09,Brazil,PR,7410,260,289,10
2020-06-10,Brazil,PR,7934,282,524,22
2020-06-11,Brazil,PR,8569,288,635,6
2020-06-12,Brazil,PR,8818,302,249,14
2020-06-13,Brazil,PR,9353,320,535,18
2020-06-14,Brazil,PR,9706,334,353,14
2020-06-15,Brazil,PR,9839,342,133,8
2020-06-16,Brazil,PR,10690,372,851,30
2020-06-17,Brazil,PR,11225,394,535,22
2020-06-18,Brazil,PR,12059,415,834,21
2020-06-19,Brazil,PR,12932,428,873,13
2020-06-20,Brazil,PR,13821,437,889,9
2020-06-21,Brazil,PR,14501,451,680,14
2020-06-22,Brazil,PR,15124,469,623,18
2020-06-23,Brazil,PR,15853,498,729,29
2020-06-24,Brazil,PR,16963,521,1110,23
2020-06-25,Brazil,PR,17822,539,859,18
2020-06-26,Brazil,PR,18672,564,850,25
2020-06-27,Brazil,PR,19819,575,1147,11
2020-06-28,Brazil,PR,20742,599,923,24
2020-06-29,Brazil,PR,21326,613,584,14
2020-06-30,Brazil,PR,22877,649,1551,36
2020-07-01,Brazil,PR,24225,663,1348,14
2020-07-02,Brazil,PR,26304,706,2079,43
2020-07-03,Brazil,PR,28166,727,1862,21
2020-07-04,Brazil,PR,30570,763,2404,36
2020-07-05,Brazil,PR,31459,795,889,32
2020-07-06,Brazil,PR,32769,820,1310,25
2020-07-07,Brazil,PR,34308,851,1539,31
2020-07-08,Brazil,PR,35715,895,1407,44
2020-07-09,Brazil,PR,37424,931,1709,36
2020-07-10,Brazil,PR,39512,978,2088,47
2020-07-11,Brazil,PR,40797,1016,1285,38
2020-07-12,Brazil,PR,42537,1045,1740,29
2020-07-13,Brazil,PR,43582,1089,1045,44
2020-07-14,Brazil,PR,45363,1146,1781,57
2020-07-15,Brazil,PR,47124,1200,1761,54
2020-07-16,Brazil,PR,49405,1246,2281,46
2020-07-17,Brazil,PR,51321,1292,1916,46
2020-07-18,Brazil,PR,53553,1308,2232,16
2020-07-19,Brazil,PR,54629,1327,1076,19
2020-07-20,Brazil,PR,55909,1357,1280,30
2020-07-21,Brazil,PR,57538,1415,1629,58
2020-07-22,Brazil,PR,59927,1486,2389,71
2020-07-23,Brazil,PR,62004,1545,2077,59
2020-07-24,Brazil,PR,64259,1598,2255,53
2020-07-25,Brazil,PR,65593,1653,1334,55
2020-07-26,Brazil,PR,65593,1671,0,18
2020-07-27,Brazil,PR,68001,1703,2408,32
2020-07-28,Brazil,PR,69393,1743,1392,40
2020-07-29,Brazil,PR,70920,1814,1527,71
2020-07-30,Brazil,PR,73488,1861,2568,47
2020-07-31,Brazil,PR,76112,1920,2624,59
2020-08-01,Brazil,PR,77930,1975,1818,55
2020-08-02,Brazil,PR,79605,2005,1675,30
2020-08-03,Brazil,PR,80865,2050,1260,45
2020-08-04,Brazil,PR,82718,2128,1853,78
2020-08-05,Brazil,PR,85317,2164,2599,36
2020-08-06,Brazil,PR,87269,2224,1952,60
2020-08-07,Brazil,PR,89966,2345,2697,121
2020-08-08,Brazil,PR,91127,2319,1161,-26
2020-08-09,Brazil,PR,92866,2345,1739,26
2020-08-10,Brazil,PR,94373,2398,1507,53
2020-08-11,Brazil,PR,95943,2445,1570,47
2020-08-12,Brazil,PR,97785,2516,1842,71
2020-08-13,Brazil,PR,99667,2576,1882,60
2020-08-14,Brazil,PR,101844,2612,2177,36
2020-08-15,Brazil,PR,103771,2665,1927,53
2020-08-16,Brazil,PR,105106,2691,1335,26
2020-08-17,Brazil,PR,106379,2733,1273,42
2020-08-18,Brazil,PR,108237,2781,1858,48
2020-08-19,Brazil,PR,109896,2808,1659,27
2020-08-20,Brazil,PR,112245,2891,2349,83
2020-08-21,Brazil,PR,114588,2928,2343,37
2020-08-22,Brazil,PR,116848,2961,2260,33
2020-08-23,Brazil,PR,117959,2977,1111,16
2020-08-24,Brazil,PR,119004,3010,1045,33
2020-08-25,Brazil,PR,120537,3062,1533,52
2020-08-26,Brazil,PR,122241,3102,1704,40
2020-08-27,Brazil,PR,124074,3153,1833,51
2020-08-28,Brazil,PR,126964,3194,2890,41
2020-08-29,Brazil,PR,128967,3234,2003,40
2020-08-30,Brazil,PR,130603,3251,1636,17
2020-08-31,Brazil,PR,131906,3290,1303,39
2020-09-01,Brazil,PR,133574,3345,1668,55
2020-09-02,Brazil,PR,135609,3399,2035,54
2020-09-03,Brazil,PR,137865,3449,2256,50
2020-09-04,Brazil,PR,139780,3505,1915,56
2020-09-05,Brazil,PR,141648,3537,1868,32
2020-09-06,Brazil,PR,143074,3551,1426,14
2020-09-07,Brazil,PR,143853,3577,779,26
2020-09-08,Brazil,PR,145257,3615,1404,38
2020-09-09,Brazil,PR,146333,3660,1076,45
2020-09-10,Brazil,PR,148333,3710,2000,50
2020-09-11,Brazil,PR,150668,3781,2335,71
2020-09-12,Brazil,PR,152913,3801,2245,20
2020-09-13,Brazil,PR,154171,3823,1258,22
2020-09-14,Brazil,PR,154820,3853,649,30
2020-09-15,Brazil,PR,155820,3918,1000,65
2020-09-16,Brazil,PR,157330,3971,1510,53
2020-09-17,Brazil,PR,159799,4018,2469,47
2020-09-18,Brazil,PR,161922,4067,2123,49
2020-09-19,Brazil,PR,163479,4093,1557,26
2020-09-20,Brazil,PR,164888,4110,1409,17
2020-09-21,Brazil,PR,165494,4146,606,36
2020-09-22,Brazil,PR,167678,4185,2184,39
2020-09-23,Brazil,PR,168923,4244,1245,59
2020-09-24,Brazil,PR,170508,4280,1585,36
2020-09-25,Brazil,PR,171932,4318,1424,38
2020-09-26,Brazil,PR,174011,4344,2079,26
2020-09-27,Brazil,PR,175133,4358,1122,14
2020-09-28,Brazil,PR,175982,4378,849,20
2020-09-29,Brazil,PR,177298,4422,1316,44
2020-09-30,Brazil,PR,178898,4485,1600,63
2020-10-01,Brazil,PR,180777,4527,1879,42
2020-10-02,Brazil,PR,182203,4560,1426,33
2020-10-03,Brazil,PR,183715,4574,1512,14
2020-10-04,Brazil,PR,184476,4589,761,15
2020-10-05,Brazil,PR,184806,4619,330,30
2020-10-06,Brazil,PR,186159,4673,1353,54
2020-10-07,Brazil,PR,187729,4703,1570,30
2020-10-08,Brazil,PR,188199,4712,470,9
2020-10-09,Brazil,PR,189603,4736,1404,24
2020-10-10,Brazil,PR,191135,4755,1532,19
2020-10-11,Brazil,PR,192143,4768,1008,13
2020-10-12,Brazil,PR,193974,4784,1831,16
2020-10-13,Brazil,PR,194689,4805,715,21
2020-10-14,Brazil,PR,195605,4822,916,17
2020-10-15,Brazil,PR,196616,4880,1011,58
2020-10-16,Brazil,PR,197941,4913,1325,33
2020-10-17,Brazil,PR,198744,4921,803,8
2020-10-18,Brazil,PR,199524,4923,780,2
2020-10-19,Brazil,PR,200664,4937,1140,14
2020-10-20,Brazil,PR,201877,4999,1213,62
2020-10-21,Brazil,PR,203050,5035,1173,36
2020-10-22,Brazil,PR,204326,5047,1276,12
2020-10-23,Brazil,PR,205481,5084,1155,37
2020-10-24,Brazil,PR,206822,5092,1341,8
2020-10-25,Brazil,PR,207549,5102,727,10
2020-10-26,Brazil,PR,208251,5107,702,5
2020-10-27,Brazil,PR,209541,5129,1290,22
2020-10-28,Brazil,PR,210901,5147,1360,18
2020-10-29,Brazil,PR,211861,5174,960,27
2020-10-30,Brazil,PR,212730,5205,869,31
2020-10-31,Brazil,PR,213482,5216,752,11
2020-11-01,Brazil,PR,214210,5222,728,6
2020-11-02,Brazil,PR,214450,5232,240,10
2020-11-03,Brazil,PR,215234,5258,784,26
2020-11-04,Brazil,PR,216266,5269,1032,11
2020-11-05,Brazil,PR,217175,5293,909,24
2020-11-06,Brazil,PR,218816,5330,1641,37
2020-11-07,Brazil,PR,220408,5362,1592,32
2020-11-08,Brazil,PR,221268,5452,860,90
2020-11-09,Brazil,PR,222831,5470,1563,18
2020-11-10,Brazil,PR,223870,5497,1039,27
2020-11-11,Brazil,PR,225624,5563,1754,66
2020-11-12,Brazil,PR,227823,5610,2199,47
2020-11-13,Brazil,PR,237736,5688,9913,78
2020-11-14,Brazil,PR,238314,5691,578,3
2020-11-15,Brazil,PR,239107,5697,793,6
2020-11-16,Brazil,PR,240783,5728,1676,31
2020-11-17,Brazil,PR,243115,5758,2332,30
2020-11-18,Brazil,PR,246169,5793,3054,35
2020-11-19,Brazil,PR,248853,5827,2684,34
2020-11-20,Brazil,PR,250898,5832,2045,5
2020-11-21,Brazil,PR,254487,5846,3589,14
2020-11-22,Brazil,PR,255698,5853,1211,7
2020-11-23,Brazil,PR,257438,5879,1740,26
2020-11-24,Brazil,PR,261018,5930,3580,51
2020-11-25,Brazil,PR,264821,5977,3803,47
2020-11-26,Brazil,PR,269258,6043,4437,66
2020-11-27,Brazil,PR,272984,6078,3726,35
2020-11-28,Brazil,PR,276185,6107,3201,29
2020-11-29,Brazil,PR,277707,6122,1522,15
2020-11-30,Brazil,PR,280084,6154,2377,32
2020-12-01,Brazil,PR,285323,6215,5239,61
2020-12-02,Brazil,PR,288546,6243,3223,28
2020-12-03,Brazil,PR,293969,6314,5423,71
2020-12-04,Brazil,PR,297411,6359,3442,45
2020-12-05,Brazil,PR,300271,6421,2860,62
2020-12-06,Brazil,PR,301510,6433,1239,12
2020-12-07,Brazil,PR,304220,6471,2710,38
2020-12-08,Brazil,PR,308811,6539,4591,68
2020-12-09,Brazil,PR,313880,6608,5069,69
2020-12-10,Brazil,PR,317861,6653,3981,45
2020-12-11,Brazil,PR,322920,6700,5059,47
2020-12-12,Brazil,PR,327299,6760,4379,60
2020-12-13,Brazil,PR,329782,6764,2483,4
2020-12-14,Brazil,PR,332158,6803,2376,39
2020-12-15,Brazil,PR,339695,6919,7537,116
2020-12-16,Brazil,PR,359892,7117,20197,198
2020-12-17,Brazil,PR,366281,7172,6389,55
2020-12-18,Brazil,PR,370775,7213,4494,41
2020-12-19,Brazil,PR,374349,7271,3574,58
2020-12-20,Brazil,PR,376009,7312,1660,41
2020-12-21,Brazil,PR,378291,7331,2282,19
2020-12-22,Brazil,PR,384393,7460,6102,129
2020-12-23,Brazil,PR,387686,7528,3293,68
2020-12-24,Brazil,PR,397479,7600,9793,72
2020-12-25,Brazil,PR,399065,7634,1586,34
2020-12-26,Brazil,PR,400288,7656,1223,22
2020-12-27,Brazil,PR,401860,7682,1572,26
2020-12-28,Brazil,PR,404695,7733,2835,51
2020-12-29,Brazil,PR,408731,7810,4036,77
2020-12-30,Brazil,PR,412627,7886,3896,76
2020-12-31,Brazil,PR,416566,7974,3939,88
2021-01-01,Brazil,PR,418323,7993,1757,19
2021-01-02,Brazil,PR,419615,8001,1292,8
2021-01-03,Brazil,PR,421315,8028,1700,27
2021-01-04,Brazil,PR,423041,8060,1726,32
2021-01-05,Brazil,PR,427789,8155,4748,95
2021-01-06,Brazil,PR,430873,8233,3084,78
2021-01-07,Brazil,PR,463309,8629,32436,396
2021-01-08,Brazil,PR,468373,8716,5064,87
2021-01-09,Brazil,PR,471639,8742,3266,26
2021-01-10,Brazil,PR,473279,8749,1640,7
2021-01-11,Brazil,PR,474949,8768,1670,19
2021-01-12,Brazil,PR,483932,8885,8983,117
2021-01-13,Brazil,PR,486843,8916,2911,31
2021-01-14,Brazil,PR,492654,8977,5811,61
2021-01-15,Brazil,PR,497505,9042,4851,65
2021-01-16,Brazil,PR,501036,9073,3531,31
2021-01-17,Brazil,PR,502599,9092,1563,19
2021-01-18,Brazil,PR,503712,9054,1113,-38
2021-01-19,Brazil,PR,508570,9132,4858,78
2021-01-20,Brazil,PR,512337,9186,3767,54
2021-01-21,Brazil,PR,515464,9243,3127,57
2021-01-22,Brazil,PR,519042,9292,3578,49
2021-01-23,Brazil,PR,522169,9355,3127,63
2021-01-24,Brazil,PR,523990,9395,1821,40
2021-01-25,Brazil,PR,525860,9507,1870,112
2021-01-26,Brazil,PR,532689,9584,6829,77
2021-01-27,Brazil,PR,535961,9652,3272,68
2021-01-28,Brazil,PR,540452,9879,4491,227
2021-01-29,Brazil,PR,543568,9923,3116,44
2021-01-30,Brazil,PR,547430,10013,3862,90
2021-01-31,Brazil,PR,549333,10030,1903,17
2021-02-01,Brazil,PR,551985,10048,2652,18
2021-02-02,Brazil,PR,556304,10141,4319,93
2021-02-03,Brazil,PR,558770,10190,2466,49
2021-02-04,Brazil,PR,562057,10248,3287,58
2021-02-05,Brazil,PR,564903,10317,2846,69
2021-02-06,Brazil,PR,568350,10377,3447,60
2021-02-07,Brazil,PR,569911,10388,1561,11
2021-02-08,Brazil,PR,571355,10432,1444,44
2021-02-09,Brazil,PR,575284,10548,3929,116
2021-02-10,Brazil,PR,577734,10570,2450,22
2021-02-11,Brazil,PR,581195,10614,3461,44
2021-02-12,Brazil,PR,583786,10661,2591,47
2021-02-13,Brazil,PR,586944,10728,3158,67
2021-02-14,Brazil,PR,588088,10738,1144,10
2021-02-15,Brazil,PR,589494,10765,1406,27
2021-02-16,Brazil,PR,597494,10842,8000,77
2021-02-17,Brazil,PR,601554,10902,4060,60
2021-02-18,Brazil,PR,604594,10992,3040,90
2021-02-19,Brazil,PR,608226,11061,3632,69
2021-02-20,Brazil,PR,612084,11120,3858,59
2021-02-21,Brazil,PR,615066,11142,2982,22
2021-02-22,Brazil,PR,617165,11156,2099,14
2021-02-23,Brazil,PR,623440,11293,6275,137
2021-02-24,Brazil,PR,627907,11358,4467,65
2021-02-25,Brazil,PR,633553,11467,5646,109
2021-02-26,Brazil,PR,638096,11539,4543,72
2021-02-27,Brazil,PR,643344,11635,5248,96
2021-02-28,Brazil,PR,647032,11669,3688,34
2021-03-01,Brazil,PR,650236,11686,3204,17
2021-03-02,Brazil,PR,656410,11866,6174,180
2021-03-03,Brazil,PR,661109,11982,4699,116
2021-03-04,Brazil,PR,666509,12088,5400,106
2021-03-05,Brazil,PR,672179,12196,5670,108
2021-03-06,Brazil,PR,680777,12344,8598,148
2021-03-07,Brazil,PR,725797,12591,45020,247
2021-03-08,Brazil,PR,727823,12610,2026,19
2021-03-09,Brazil,PR,733223,12816,5400,206
2021-03-10,Brazil,PR,741568,13060,8345,244
2021-03-11,Brazil,PR,745898,13159,4330,99
2021-03-12,Brazil,PR,751562,13335,5664,176
2021-03-13,Brazil,PR,757791,13492,6229,157
2021-03-14,Brazil,PR,761643,13585,3852,93
2021-03-15,Brazil,PR,763786,13626,2143,41
2021-03-16,Brazil,PR,769609,13936,5823,310
2021-03-17,Brazil,PR,775070,14198,5461,262
2021-03-18,Brazil,PR,781539,14389,6469,191
2021-03-19,Brazil,PR,789685,14658,8146,269
2021-03-20,Brazil,PR,794443,14840,4758,182
2021-03-21,Brazil,PR,796589,14893,2146,53
2021-03-22,Brazil,PR,799813,14969,3224,76
2021-03-23,Brazil,PR,807157,15281,7344,312
2021-03-24,Brazil,PR,812719,15454,5562,173
2021-03-25,Brazil,PR,824050,15750,11331,296
2021-03-26,Brazil,PR,828749,15939,4699,189
2021-03-27,Brazil,PR,833786,16124,5037,185
2021-03-28,Brazil,PR,836936,16190,3150,66
2021-03-29,Brazil,PR,839764,16290,2828,100
