date,country,state,accumulated_num_cases,accumulated_num_deaths,new_num_cases,new_num_deaths
2020-02-25,Brazil,MT,0,0,0,0
2020-02-26,Brazil,MT,0,0,0,0
2020-02-27,Brazil,MT,0,0,0,0
2020-02-28,Brazil,MT,0,0,0,0
2020-02-29,Brazil,MT,0,0,0,0
2020-03-01,Brazil,MT,0,0,0,0
2020-03-02,Brazil,MT,0,0,0,0
2020-03-03,Brazil,MT,0,0,0,0
2020-03-04,Brazil,MT,0,0,0,0
2020-03-05,Brazil,MT,0,0,0,0
2020-03-06,Brazil,MT,0,0,0,0
2020-03-07,Brazil,MT,0,0,0,0
2020-03-08,Brazil,MT,0,0,0,0
2020-03-09,Brazil,MT,0,0,0,0
2020-03-10,Brazil,MT,0,0,0,0
2020-03-11,Brazil,MT,0,0,0,0
2020-03-12,Brazil,MT,0,0,0,0
2020-03-13,Brazil,MT,0,0,0,0
2020-03-14,Brazil,MT,0,0,0,0
2020-03-15,Brazil,MT,0,0,0,0
2020-03-16,Brazil,MT,0,0,0,0
2020-03-17,Brazil,MT,0,0,0,0
2020-03-18,Brazil,MT,0,0,0,0
2020-03-19,Brazil,MT,0,0,0,0
2020-03-20,Brazil,MT,1,0,1,0
2020-03-21,Brazil,MT,1,0,0,0
2020-03-22,Brazil,MT,2,0,1,0
2020-03-23,Brazil,MT,6,0,4,0
2020-03-24,Brazil,MT,7,0,1,0
2020-03-25,Brazil,MT,9,0,2,0
2020-03-26,Brazil,MT,11,0,2,0
2020-03-27,Brazil,MT,11,0,0,0
2020-03-28,Brazil,MT,11,0,0,0
2020-03-29,Brazil,MT,11,0,0,0
2020-03-30,Brazil,MT,18,0,7,0
2020-03-31,Brazil,MT,25,0,7,0
2020-04-01,Brazil,MT,28,0,3,0
2020-04-02,Brazil,MT,41,0,13,0
2020-04-03,Brazil,MT,44,1,3,1
2020-04-04,Brazil,MT,60,1,16,0
2020-04-05,Brazil,MT,60,1,0,0
2020-04-06,Brazil,MT,76,1,16,0
2020-04-07,Brazil,MT,78,1,2,0
2020-04-08,Brazil,MT,90,1,12,0
2020-04-09,Brazil,MT,108,2,18,1
2020-04-10,Brazil,MT,112,2,4,0
2020-04-11,Brazil,MT,121,3,9,1
2020-04-12,Brazil,MT,123,3,2,0
2020-04-13,Brazil,MT,134,4,11,1
2020-04-14,Brazil,MT,138,4,4,0
2020-04-15,Brazil,MT,151,4,13,0
2020-04-16,Brazil,MT,156,5,5,1
2020-04-17,Brazil,MT,162,5,6,0
2020-04-18,Brazil,MT,171,5,9,0
2020-04-19,Brazil,MT,174,5,3,0
2020-04-20,Brazil,MT,181,6,7,1
2020-04-21,Brazil,MT,181,6,0,0
2020-04-22,Brazil,MT,205,6,24,0
2020-04-23,Brazil,MT,220,7,15,1
2020-04-24,Brazil,MT,241,8,21,1
2020-04-25,Brazil,MT,246,9,5,1
2020-04-26,Brazil,MT,249,9,3,0
2020-04-27,Brazil,MT,256,10,7,1
2020-04-28,Brazil,MT,263,11,7,1
2020-04-29,Brazil,MT,292,11,29,0
2020-04-30,Brazil,MT,302,11,10,0
2020-05-01,Brazil,MT,320,11,18,0
2020-05-02,Brazil,MT,333,12,13,1
2020-05-03,Brazil,MT,337,12,4,0
2020-05-04,Brazil,MT,344,13,7,1
2020-05-05,Brazil,MT,366,13,22,0
2020-05-06,Brazil,MT,385,13,19,0
2020-05-07,Brazil,MT,419,14,34,1
2020-05-08,Brazil,MT,464,15,45,1
2020-05-09,Brazil,MT,502,16,38,1
2020-05-10,Brazil,MT,519,18,17,2
2020-05-11,Brazil,MT,545,19,26,1
2020-05-12,Brazil,MT,604,20,59,1
2020-05-13,Brazil,MT,673,21,69,1
2020-05-14,Brazil,MT,734,24,61,3
2020-05-15,Brazil,MT,792,26,58,2
2020-05-16,Brazil,MT,857,27,65,1
2020-05-17,Brazil,MT,901,27,44,0
2020-05-18,Brazil,MT,941,30,40,3
2020-05-19,Brazil,MT,1005,32,64,2
2020-05-20,Brazil,MT,1090,32,85,0
2020-05-21,Brazil,MT,1187,34,97,2
2020-05-22,Brazil,MT,1271,37,84,3
2020-05-23,Brazil,MT,1363,37,92,0
2020-05-24,Brazil,MT,1464,40,101,3
2020-05-25,Brazil,MT,1594,42,130,2
2020-05-26,Brazil,MT,1744,43,150,1
2020-05-27,Brazil,MT,1909,47,165,4
2020-05-28,Brazil,MT,2085,54,176,7
2020-05-29,Brazil,MT,2262,57,177,3
2020-05-30,Brazil,MT,2413,58,151,1
2020-05-31,Brazil,MT,2485,63,72,5
2020-06-01,Brazil,MT,2636,67,151,4
2020-06-02,Brazil,MT,2817,75,181,8
2020-06-03,Brazil,MT,3029,79,212,4
2020-06-04,Brazil,MT,3388,84,359,5
2020-06-05,Brazil,MT,3593,91,205,7
2020-06-06,Brazil,MT,3788,101,195,10
2020-06-07,Brazil,MT,4033,113,245,12
2020-06-08,Brazil,MT,4243,126,210,13
2020-06-09,Brazil,MT,4504,140,261,14
2020-06-10,Brazil,MT,4762,153,258,13
2020-06-11,Brazil,MT,5086,163,324,10
2020-06-12,Brazil,MT,5390,181,304,18
2020-06-13,Brazil,MT,5739,199,349,18
2020-06-14,Brazil,MT,6108,213,369,14
2020-06-15,Brazil,MT,6390,223,282,10
2020-06-16,Brazil,MT,6877,250,487,27
2020-06-17,Brazil,MT,7361,272,484,22
2020-06-18,Brazil,MT,8166,295,805,23
2020-06-19,Brazil,MT,8725,322,559,27
2020-06-20,Brazil,MT,9262,341,537,19
2020-06-21,Brazil,MT,9776,370,514,29
2020-06-22,Brazil,MT,10270,394,494,24
2020-06-23,Brazil,MT,11017,423,747,29
2020-06-24,Brazil,MT,11571,445,554,22
2020-06-25,Brazil,MT,12601,476,1030,31
2020-06-26,Brazil,MT,13406,504,805,28
2020-06-27,Brazil,MT,14128,533,722,29
2020-06-28,Brazil,MT,14654,556,526,23
2020-06-29,Brazil,MT,15328,590,674,34
2020-06-30,Brazil,MT,16304,629,976,39
2020-07-01,Brazil,MT,17401,665,1097,36
2020-07-02,Brazil,MT,18356,706,955,41
2020-07-03,Brazil,MT,19540,741,1184,35
2020-07-04,Brazil,MT,20333,786,793,45
2020-07-05,Brazil,MT,21081,821,748,35
2020-07-06,Brazil,MT,22078,857,997,36
2020-07-07,Brazil,MT,23506,896,1428,39
2020-07-08,Brazil,MT,24804,921,1298,25
2020-07-09,Brazil,MT,26396,961,1592,40
2020-07-10,Brazil,MT,27636,1026,1240,65
2020-07-11,Brazil,MT,28526,1047,890,21
2020-07-12,Brazil,MT,28791,1077,265,30
2020-07-13,Brazil,MT,29279,1105,488,28
2020-07-14,Brazil,MT,29918,1157,639,52
2020-07-15,Brazil,MT,30536,1196,618,39
2020-07-16,Brazil,MT,31717,1235,1181,39
2020-07-17,Brazil,MT,32321,1291,604,56
2020-07-18,Brazil,MT,32766,1312,445,21
2020-07-19,Brazil,MT,34604,1348,1838,36
2020-07-20,Brazil,MT,35673,1386,1069,38
2020-07-21,Brazil,MT,37429,1432,1756,46
2020-07-22,Brazil,MT,38931,1474,1502,42
2020-07-23,Brazil,MT,41016,1498,2085,24
2020-07-24,Brazil,MT,42586,1556,1570,58
2020-07-25,Brazil,MT,43253,1580,667,24
2020-07-26,Brazil,MT,43637,1616,384,36
2020-07-27,Brazil,MT,45155,1664,1518,48
2020-07-28,Brazil,MT,47045,1700,1890,36
2020-07-29,Brazil,MT,48854,1752,1809,52
2020-07-30,Brazil,MT,50538,1794,1684,42
2020-07-31,Brazil,MT,52078,1842,1540,48
2020-08-01,Brazil,MT,53151,1876,1073,34
2020-08-02,Brazil,MT,53440,1902,289,26
2020-08-03,Brazil,MT,55156,1927,1716,25
2020-08-04,Brazil,MT,57115,1997,1959,70
2020-08-05,Brazil,MT,58475,2013,1360,16
2020-08-06,Brazil,MT,60409,2051,1934,38
2020-08-07,Brazil,MT,62348,2101,1939,50
2020-08-08,Brazil,MT,63336,2125,988,24
2020-08-09,Brazil,MT,63680,2147,344,22
2020-08-10,Brazil,MT,65346,2204,1666,57
2020-08-11,Brazil,MT,67144,2239,1798,35
2020-08-12,Brazil,MT,69085,2264,1941,25
2020-08-13,Brazil,MT,70708,2302,1623,38
2020-08-14,Brazil,MT,72141,2336,1433,34
2020-08-15,Brazil,MT,72791,2363,650,27
2020-08-16,Brazil,MT,73115,2377,324,14
2020-08-17,Brazil,MT,74770,2416,1655,39
2020-08-18,Brazil,MT,76540,2437,1770,21
2020-08-19,Brazil,MT,78235,2481,1695,44
2020-08-20,Brazil,MT,79715,2518,1480,37
2020-08-21,Brazil,MT,80876,2540,1161,22
2020-08-22,Brazil,MT,81469,2558,593,18
2020-08-23,Brazil,MT,81822,2572,353,14
2020-08-24,Brazil,MT,83490,2614,1668,42
2020-08-25,Brazil,MT,85253,2653,1763,39
2020-08-26,Brazil,MT,86704,2668,1451,15
2020-08-27,Brazil,MT,88385,2707,1681,39
2020-08-28,Brazil,MT,90135,2739,1750,32
2020-08-29,Brazil,MT,90651,2756,516,17
2020-08-30,Brazil,MT,90895,2777,244,21
2020-08-31,Brazil,MT,92265,2811,1370,34
2020-09-01,Brazil,MT,93929,2837,1664,26
2020-09-02,Brazil,MT,95233,2868,1304,31
2020-09-03,Brazil,MT,96349,2893,1116,25
2020-09-04,Brazil,MT,97550,2923,1201,30
2020-09-05,Brazil,MT,98188,2940,638,17
2020-09-06,Brazil,MT,98346,2955,158,15
2020-09-07,Brazil,MT,98709,2978,363,23
2020-09-08,Brazil,MT,100012,3010,1303,32
2020-09-09,Brazil,MT,101397,3040,1385,30
2020-09-10,Brazil,MT,102846,3073,1449,33
2020-09-11,Brazil,MT,104529,3093,1683,20
2020-09-12,Brazil,MT,105202,3111,673,18
2020-09-13,Brazil,MT,105445,3130,243,19
2020-09-14,Brazil,MT,106895,3157,1450,27
2020-09-15,Brazil,MT,108117,3172,1222,15
2020-09-16,Brazil,MT,109442,3204,1325,32
2020-09-17,Brazil,MT,110705,3226,1263,22
2020-09-18,Brazil,MT,112200,3248,1495,22
2020-09-19,Brazil,MT,112817,3262,617,14
2020-09-20,Brazil,MT,113186,3279,369,17
2020-09-21,Brazil,MT,114930,3297,1744,18
2020-09-22,Brazil,MT,116000,3318,1070,21
2020-09-23,Brazil,MT,117299,3336,1299,18
2020-09-24,Brazil,MT,118548,3349,1249,13
2020-09-25,Brazil,MT,119728,3375,1180,26
2020-09-26,Brazil,MT,120374,3394,646,19
2020-09-27,Brazil,MT,120641,3400,267,6
2020-09-28,Brazil,MT,121762,3423,1121,23
2020-09-29,Brazil,MT,123112,3445,1350,22
2020-09-30,Brazil,MT,124060,3457,948,12
2020-10-01,Brazil,MT,125022,3479,962,22
2020-10-02,Brazil,MT,126106,3498,1084,19
2020-10-03,Brazil,MT,126662,3517,556,19
2020-10-04,Brazil,MT,126920,3533,258,16
2020-10-05,Brazil,MT,127730,3545,810,12
2020-10-06,Brazil,MT,128740,3564,1010,19
2020-10-07,Brazil,MT,129713,3576,973,12
2020-10-08,Brazil,MT,130783,3586,1070,10
2020-10-09,Brazil,MT,131548,3602,765,16
2020-10-10,Brazil,MT,131854,3614,306,12
2020-10-11,Brazil,MT,132024,3622,170,8
2020-10-12,Brazil,MT,132216,3635,192,13
2020-10-13,Brazil,MT,132949,3660,733,25
2020-10-14,Brazil,MT,133864,3677,915,17
2020-10-15,Brazil,MT,134555,3693,691,16
2020-10-16,Brazil,MT,135398,3703,843,10
2020-10-17,Brazil,MT,135784,3712,386,9
2020-10-18,Brazil,MT,135950,3717,166,5
2020-10-19,Brazil,MT,136504,3732,554,15
2020-10-20,Brazil,MT,137287,3744,783,12
2020-10-21,Brazil,MT,138137,3758,850,14
2020-10-22,Brazil,MT,138888,3766,751,8
2020-10-23,Brazil,MT,139801,3773,913,7
2020-10-24,Brazil,MT,140244,3782,443,9
2020-10-25,Brazil,MT,140375,3789,131,7
2020-10-26,Brazil,MT,140997,3804,622,15
2020-10-27,Brazil,MT,141764,3817,767,13
2020-10-28,Brazil,MT,142346,3828,582,11
2020-10-29,Brazil,MT,143047,3841,701,13
2020-10-30,Brazil,MT,143325,3846,278,5
2020-10-31,Brazil,MT,143638,3853,313,7
2020-11-01,Brazil,MT,143764,3857,126,4
2020-11-02,Brazil,MT,143978,3862,214,5
2020-11-03,Brazil,MT,144397,3874,419,12
2020-11-04,Brazil,MT,144999,3883,602,9
2020-11-05,Brazil,MT,145644,3896,645,13
2020-11-06,Brazil,MT,146312,3903,668,7
2020-11-07,Brazil,MT,146698,3913,386,10
2020-11-08,Brazil,MT,146845,3914,147,1
2020-11-09,Brazil,MT,147429,3922,584,8
2020-11-10,Brazil,MT,148015,3932,586,10
2020-11-11,Brazil,MT,148623,3943,608,11
2020-11-12,Brazil,MT,151391,4026,2768,83
2020-11-13,Brazil,MT,151893,4036,502,10
2020-11-14,Brazil,MT,152129,4040,236,4
2020-11-15,Brazil,MT,152358,4041,229,1
2020-11-16,Brazil,MT,152847,4053,489,12
2020-11-17,Brazil,MT,153455,4056,608,3
2020-11-18,Brazil,MT,153971,4063,516,7
2020-11-19,Brazil,MT,154438,4073,467,10
2020-11-20,Brazil,MT,154596,4081,158,8
2020-11-21,Brazil,MT,154839,4082,243,1
2020-11-22,Brazil,MT,154924,4089,85,7
2020-11-23,Brazil,MT,155452,4097,528,8
2020-11-24,Brazil,MT,156177,4107,725,10
2020-11-25,Brazil,MT,156937,4111,760,4
2020-11-26,Brazil,MT,157524,4116,587,5
2020-11-27,Brazil,MT,158084,4120,560,4
2020-11-28,Brazil,MT,158314,4127,230,7
2020-11-29,Brazil,MT,158417,4134,103,7
2020-11-30,Brazil,MT,158982,4142,565,8
2020-12-01,Brazil,MT,159726,4152,744,10
2020-12-02,Brazil,MT,160540,4161,814,9
2020-12-03,Brazil,MT,161116,4164,576,3
2020-12-04,Brazil,MT,161801,4179,685,15
2020-12-05,Brazil,MT,162186,4186,385,7
2020-12-06,Brazil,MT,162389,4191,203,5
2020-12-07,Brazil,MT,163002,4203,613,12
2020-12-08,Brazil,MT,163764,4216,762,13
2020-12-09,Brazil,MT,164712,4222,948,6
2020-12-10,Brazil,MT,165454,4233,742,11
2020-12-11,Brazil,MT,166310,4242,856,9
2020-12-12,Brazil,MT,166734,4251,424,9
2020-12-13,Brazil,MT,166974,4259,240,8
2020-12-14,Brazil,MT,167711,4272,737,13
2020-12-15,Brazil,MT,168657,4282,946,10
2020-12-16,Brazil,MT,169705,4291,1048,9
2020-12-17,Brazil,MT,170619,4303,914,12
2020-12-18,Brazil,MT,171490,4316,871,13
2020-12-19,Brazil,MT,171959,4320,469,4
2020-12-20,Brazil,MT,172215,4331,256,11
2020-12-21,Brazil,MT,173132,4395,917,64
2020-12-22,Brazil,MT,174162,4405,1030,10
2020-12-23,Brazil,MT,175223,4420,1061,15
2020-12-24,Brazil,MT,175790,4422,567,2
2020-12-25,Brazil,MT,176044,4435,254,13
2020-12-26,Brazil,MT,176240,4450,196,15
2020-12-27,Brazil,MT,176545,4457,305,7
2020-12-28,Brazil,MT,177293,4468,748,11
2020-12-29,Brazil,MT,178568,4486,1275,18
2020-12-30,Brazil,MT,179710,4506,1142,20
2020-12-31,Brazil,MT,180451,4520,741,14
2021-01-01,Brazil,MT,180659,4530,208,10
2021-01-02,Brazil,MT,180901,4539,242,9
2021-01-03,Brazil,MT,181335,4552,434,13
2021-01-04,Brazil,MT,182877,4583,1542,31
2021-01-05,Brazil,MT,183673,4596,796,13
2021-01-06,Brazil,MT,185745,4619,2072,23
2021-01-07,Brazil,MT,186831,4632,1086,13
2021-01-08,Brazil,MT,188199,4648,1368,16
2021-01-09,Brazil,MT,189119,4667,920,19
2021-01-10,Brazil,MT,189359,4684,240,17
2021-01-11,Brazil,MT,191106,4694,1747,10
2021-01-12,Brazil,MT,192353,4708,1247,14
2021-01-13,Brazil,MT,194113,4727,1760,19
2021-01-14,Brazil,MT,195988,4747,1875,20
2021-01-15,Brazil,MT,197394,4761,1406,14
2021-01-16,Brazil,MT,198444,4782,1050,21
2021-01-17,Brazil,MT,199006,4793,562,11
2021-01-18,Brazil,MT,200134,4815,1128,22
2021-01-19,Brazil,MT,202125,4846,1991,31
2021-01-20,Brazil,MT,203734,4877,1609,31
2021-01-21,Brazil,MT,205162,4902,1428,25
2021-01-22,Brazil,MT,206761,4930,1599,28
2021-01-23,Brazil,MT,207747,4954,986,24
2021-01-24,Brazil,MT,208088,4968,341,14
2021-01-25,Brazil,MT,209004,4993,916,25
2021-01-26,Brazil,MT,210567,5019,1563,26
2021-01-27,Brazil,MT,212226,5043,1659,24
2021-01-28,Brazil,MT,213734,5069,1508,26
2021-01-29,Brazil,MT,215555,5095,1821,26
2021-01-30,Brazil,MT,216605,5115,1050,20
2021-01-31,Brazil,MT,217020,5129,415,14
2021-02-01,Brazil,MT,218023,5154,1003,25
2021-02-02,Brazil,MT,219717,5180,1694,26
2021-02-03,Brazil,MT,221852,5214,2135,34
2021-02-04,Brazil,MT,223054,5237,1202,23
2021-02-05,Brazil,MT,224416,5263,1362,26
2021-02-06,Brazil,MT,225042,5285,626,22
2021-02-07,Brazil,MT,225458,5308,416,23
2021-02-08,Brazil,MT,227208,5334,1750,26
2021-02-09,Brazil,MT,228118,5355,910,21
2021-02-10,Brazil,MT,229312,5382,1194,27
2021-02-11,Brazil,MT,230485,5401,1173,19
2021-02-12,Brazil,MT,231844,5424,1359,23
2021-02-13,Brazil,MT,232876,5446,1032,22
2021-02-14,Brazil,MT,233091,5463,215,17
2021-02-15,Brazil,MT,234154,5485,1063,22
2021-02-16,Brazil,MT,235529,5504,1375,19
2021-02-17,Brazil,MT,237239,5544,1710,40
2021-02-18,Brazil,MT,238781,5574,1542,30
2021-02-19,Brazil,MT,241085,5594,2304,20
2021-02-20,Brazil,MT,241458,5615,373,21
2021-02-21,Brazil,MT,241772,5625,314,10
2021-02-22,Brazil,MT,242846,5651,1074,26
2021-02-23,Brazil,MT,244610,5694,1764,43
2021-02-24,Brazil,MT,246469,5716,1859,22
2021-02-25,Brazil,MT,248444,5747,1975,31
2021-02-26,Brazil,MT,249969,5769,1525,22
2021-02-27,Brazil,MT,250526,5786,557,17
2021-02-28,Brazil,MT,250889,5806,363,20
2021-03-01,Brazil,MT,252528,5832,1639,26
2021-03-02,Brazil,MT,253783,5864,1255,32
2021-03-03,Brazil,MT,255712,5904,1929,40
2021-03-04,Brazil,MT,258460,5941,2748,37
2021-03-05,Brazil,MT,259946,5968,1486,27
2021-03-06,Brazil,MT,260760,5993,814,25
2021-03-07,Brazil,MT,261116,6016,356,23
2021-03-08,Brazil,MT,263410,6085,2294,69
2021-03-09,Brazil,MT,265199,6130,1789,45
2021-03-10,Brazil,MT,267051,6173,1852,43
2021-03-11,Brazil,MT,269155,6222,2104,49
2021-03-12,Brazil,MT,271212,6291,2057,69
2021-03-13,Brazil,MT,271765,6330,553,39
2021-03-14,Brazil,MT,272232,6370,467,40
2021-03-15,Brazil,MT,274788,6456,2556,86
2021-03-16,Brazil,MT,277063,6518,2275,62
2021-03-17,Brazil,MT,279178,6574,2115,56
2021-03-18,Brazil,MT,282595,6641,3417,67
2021-03-19,Brazil,MT,284432,6696,1837,55
2021-03-20,Brazil,MT,286065,6767,1633,71
2021-03-21,Brazil,MT,286693,6813,628,46
2021-03-22,Brazil,MT,289823,6938,3130,125
2021-03-23,Brazil,MT,292842,7033,3019,95
2021-03-24,Brazil,MT,294974,7095,2132,62
2021-03-25,Brazil,MT,297712,7168,2738,73
2021-03-26,Brazil,MT,300058,7255,2346,87
2021-03-27,Brazil,MT,301454,7305,1396,50
2021-03-28,Brazil,MT,302211,7370,757,65
2021-03-29,Brazil,MT,304416,7485,2205,115
2021-03-30,Brazil,MT,307491,7575,3075,90
2021-03-31,Brazil,MT,310337,7675,2846,100
2021-04-01,Brazil,MT,312675,7766,2338,91
2021-04-02,Brazil,MT,313709,7849,1034,83
2021-04-03,Brazil,MT,314473,7926,764,77
2021-04-04,Brazil,MT,315087,7999,614,73
2021-04-05,Brazil,MT,317254,8127,2167,128
2021-04-06,Brazil,MT,319978,8234,2724,107
2021-04-07,Brazil,MT,323191,8346,3213,112
2021-04-08,Brazil,MT,324899,8403,1708,57
2021-04-09,Brazil,MT,327449,8487,2550,84
2021-04-10,Brazil,MT,328805,8530,1356,43
